N 930
M 2522
R 21
# u v length
1 200 2
1 217 2
1 226 2
2 212 3
2 214 3
3 211 2
3 216 2
4 211 2
4 216 2
5 208 1
5 209 1
5 220 2
6 334 2
6 335 2
6 366 2
7 184 2
7 191 2
7 193 2
8 182 2
8 366 2
8 384 2
8 390 2
9 187 1
10 115 1
10 116 1
10 124 1
11 116 2
11 117 2
12 120 2
12 127 2
12 132 2
13 118 2
13 121 2
13 134 2
14 154 1
15 138 2
15 443 2
15 448 2
16 511 2
16 512 2
17 507 2
17 518 2
17 531 2
18 824 2
18 847 2
18 848 2
18 856 2
19 527 2
19 829 2
19 841 2
20 826 2
21 825 1
21 853 1
22 741 2
23 733 2
23 745 2
23 746 2
23 749 2
24 737 2
24 748 2
24 765 2
25 731 3
25 751 3
25 759 3
26 232 2
26 754 2
26 761 2
27 227 2
27 243 2
27 734 2
27 742 2
28 238 2
28 249 2
28 735 2
29 235 2
29 241 2
30 196 2
30 250 2
31 276 1
31 315 1
31 358 1
31 689 1
32 197 2
32 257 2
32 265 2
32 266 2
33 165 2
33 768 2
33 871 2
33 873 2
34 780 2
34 872 2
34 874 2
34 877 2
35 668 2
35 670 2
35 779 2
35 876 2
36 673 1
36 674 1
36 677 1
36 698 1
36 706 1
37 259 2
37 303 2
37 368 2
37 369 2
37 713 2
38 165 2
38 172 2
38 177 2
39 164 2
39 783 2
39 790 2
39 791 2
40 543 2
40 793 2
41 671 2
41 776 2
41 785 2
41 795 2
42 576 2
42 586 2
42 589 2
42 597 2
43 578 1
43 598 1
43 599 1
43 606 1
43 632 1
44 360 2
44 365 2
44 383 2
44 413 2
45 432 2
45 440 2
45 461 2
45 465 2
46 172 2
46 173 2
47 174 2
47 797 2
48 171 2
48 800 2
49 535 2
49 556 2
50 533 1
50 562 1
50 610 1
51 565 1
51 612 1
51 616 1
51 620 1
52 550 1
52 569 1
52 609 1
52 624 1
53 435 1
53 495 1
53 574 1
54 889 2
55 161 2
55 801 2
55 889 2
56 799 1
57 799 1
57 902 1
57 913 1
58 537 1
58 798 1
59 799 1
59 896 1
60 803 1
60 806 1
60 810 1
61 534 1
61 540 1
61 552 1
62 539 2
62 547 2
62 563 2
63 812 1
63 818 1
63 857 1
64 542 2
64 833 2
64 835 2
65 831 2
65 836 2
65 846 2
66 908 1
67 904 2
67 905 2
67 906 2
68 896 2
68 912 2
68 913 2
69 892 1
69 895 1
70 814 2
70 869 2
70 870 2
70 893 2
71 859 2
71 868 2
71 895 2
72 861 2
72 867 2
73 838 1
73 850 1
74 223 2
74 232 2
74 752 2
74 231 2
74 930 2
75 758 2
75 759 2
76 214 2
76 759 2
76 232 2
77 759 2
77 232 2
78 758 2
78 749 2
79 214 2
79 223 2
80 214 2
80 223 2
81 758 2
81 232 2
81 157 2
82 758 2
82 157 2
82 232 2
83 758 2
83 157 2
83 232 2
84 223 2
85 214 2
85 759 2
85 232 2
85 223 2
86 759 2
86 232 2
86 223 2
87 232 2
87 759 2
88 232 2
88 223 2
89 223 2
90 214 2
90 232 2
90 231 2
90 223 2
91 920 2
91 864 2
91 915 2
92 916 2
92 915 2
93 916 2
93 915 2
94 173 2
94 909 2
95 898 2
96 915 2
96 916 2
97 909 2
98 919 2
99 916 2
99 915 2
100 916 2
100 917 2
101 173 2
102 919 2
103 759 2
104 759 2
105 223 2
106 759 2
107 759 2
107 223 2
108 759 2
109 759 2
110 909 2
111 366 2
112 114 1
113 366 1
114 113 1
115 116 1
115 124 1
115 125 1
115 10 1
116 123 1
116 10 1
116 11 2
116 396 1
117 111 2
117 119 1
117 125 1
117 11 2
118 119 2
118 121 2
118 183 1
118 187 2
118 13 2
119 117 1
119 118 2
120 121 1
120 122 1
120 12 2
120 379 2
121 118 2
121 120 1
121 143 1
121 147 1
121 13 2
122 119 1
123 124 1
123 364 1
124 115 1
124 10 1
124 378 1
124 385 1
125 115 1
125 117 1
126 127 1
126 131 1
126 134 1
127 126 1
127 130 1
127 132 1
127 133 1
127 12 2
128 120 1
129 132 1
129 133 1
130 131 1
131 128 1
131 140 1
132 127 1
132 135 1
132 12 2
133 127 1
133 130 1
134 126 1
134 138 4
134 140 1
134 13 2
135 132 1
135 138 1
135 144 1
136 145 1
136 148 2
136 449 1
137 139 2
137 146 1
137 513 2
138 135 1
138 137 1
138 145 1
138 15 2
139 137 2
139 142 3
139 507 2
140 134 1
140 141 1
141 140 1
141 147 1
142 139 3
142 141 1
142 143 1
143 121 1
143 142 1
143 153 1
144 443 1
145 136 1
145 138 1
145 146 1
146 136 1
146 137 1
146 512 2
147 121 1
147 141 1
147 143 1
148 144 1
148 145 2
148 152 1
149 150 1
149 486 1
150 151 1
150 152 1
151 448 1
151 484 1
152 148 1
152 149 1
152 150 1
152 443 1
153 142 1
153 154 1
154 153 1
154 155 1
154 156 2
154 14 1
155 154 1
156 154 2
157 81 2
157 82 2
157 83 2
157 158 4
158 157 4
158 159 1
158 919 4
159 158 1
159 741 5
160 165 2
160 763 2
160 919 8
161 178 1
161 801 1
161 55 2
162 167 2
162 173 2
162 178 3
163 165 1
163 172 2
163 176 2
164 166 2
164 177 4
164 797 3
164 39 2
165 160 2
165 163 1
165 791 5
165 33 2
165 38 2
166 164 2
166 174 2
166 176 4
167 162 2
167 179 2
167 889 2
168 169 1
168 797 2
169 168 1
169 170 3
169 175 1
169 929 2
170 169 3
170 556 5
170 808 2
171 797 4
171 48 2
172 163 2
172 173 3
172 38 2
172 46 2
173 94 2
173 101 2
173 162 2
173 172 3
173 46 2
173 889 2
174 166 2
174 175 1
174 801 2
174 47 2
175 168 3
175 169 1
175 174 1
176 165 3
176 166 4
177 164 4
177 781 1
177 789 4
177 38 2
178 161 1
178 162 3
178 179 2
179 167 2
179 178 2
179 799 3
180 181 1
180 198 1
180 209 2
181 200 1
181 237 2
182 112 1
182 8 2
182 191 1
182 195 1
183 118 1
183 187 1
183 188 3
184 7 2
184 190 1
184 192 1
184 270 1
184 343 1
185 194 1
185 205 2
186 200 1
186 224 1
187 183 1
187 195 1
187 9 1
188 183 3
188 202 2
188 220 3
189 192 1
189 198 1
189 338 1
190 184 1
190 193 1
191 112 1
191 7 2
191 182 1
191 194 1
192 184 1
192 189 1
192 208 1
192 270 1
193 7 2
193 190 1
193 194 1
193 347 1
194 191 1
194 193 1
195 182 1
195 187 1
196 180 1
196 236 2
196 30 2
197 196 1
197 264 1
197 32 2
198 189 1
198 197 1
199 180 1
199 264 1
200 1 2
200 186 1
200 199 1
201 202 2
201 206 4
202 201 2
202 203 1
202 204 1
203 185 2
203 202 1
203 204 1
204 193 2
204 195 1
205 185 2
205 206 2
205 207 2
206 201 4
206 205 2
206 210 5
207 205 2
207 208 1
207 209 1
208 5 1
208 184 1
208 207 1
209 5 1
209 198 2
209 207 1
209 210 2
210 206 5
210 209 2
210 226 5
211 3 2
211 4 2
211 212 3
211 216 3
212 2 3
212 211 3
212 213 6
212 214 6
213 212 6
213 214 2
214 2 3
214 76 2
214 79 2
214 80 2
214 85 2
214 90 2
214 212 6
214 213 2
214 930 4
215 222 1
215 223 1
215 231 1
216 3 2
216 4 2
216 211 3
216 218 2
216 220 2
216 930 2
217 1 2
217 218 1
217 221 1
217 222 1
218 216 2
218 217 1
218 219 1
219 218 1
219 220 4
219 221 3
220 5 2
220 188 4
220 216 2
220 219 4
221 217 1
221 219 3
221 226 1
222 215 1
222 217 1
222 225 1
223 74 2
223 79 2
223 80 2
223 84 2
223 85 2
223 86 2
223 88 2
223 89 2
223 90 2
223 105 2
223 107 2
223 215 1
223 222 1
223 225 1
224 186 1
224 225 1
224 226 2
225 215 1
225 222 1
225 223 1
225 224 1
226 1 2
226 210 5
226 221 1
226 224 2
227 229 1
227 243 1
227 751 1
227 27 2
228 242 1
228 244 2
229 227 1
229 231 1
229 244 1
230 239 1
230 250 1
231 74 2
231 90 2
231 215 1
231 229 1
231 245 1
232 74 2
232 76 2
232 77 2
232 81 2
232 82 2
232 83 2
232 85 2
232 86 2
232 87 2
232 88 2
232 90 2
232 228 1
232 245 4
232 754 1
232 26 2
233 230 2
233 234 1
233 743 2
234 233 1
234 243 1
235 233 3
235 236 2
235 244 2
235 29 2
235 250 2
236 196 2
236 235 2
236 237 1
237 186 1
237 200 1
237 241 2
238 230 1
238 240 1
238 28 2
238 924 2
239 238 2
239 249 1
240 233 2
240 743 1
241 237 2
241 245 2
241 29 2
242 243 2
242 761 1
243 227 1
243 234 1
243 242 2
243 27 2
244 229 1
244 235 2
244 242 2
245 231 1
245 232 4
245 241 2
246 668 2
246 744 1
246 926 1
246 927 1
247 246 1
247 925 1
248 247 1
248 274 1
248 358 1
249 239 1
249 260 1
249 277 1
249 358 1
249 28 2
249 924 1
250 235 2
250 261 1
250 262 1
250 30 2
250 309 1
251 256 1
252 292 1
252 318 1
253 314 1
253 695 1
254 288 1
254 293 1
255 264 1
255 265 1
255 297 1
256 236 2
256 263 1
257 281 1
257 309 1
257 32 2
257 356 1
258 299 1
258 354 1
259 302 1
259 305 1
259 37 2
260 239 1
260 249 1
260 261 1
261 250 1
261 260 1
261 308 1
262 251 1
262 287 1
263 197 1
264 255 1
264 335 1
265 255 1
265 266 1
265 268 1
265 32 2
266 265 1
266 327 1
266 333 1
266 32 2
267 255 1
267 335 1
268 267 1
268 339 1
269 266 1
269 268 1
270 267 1
270 338 1
270 345 1
271 269 1
271 340 1
272 342 1
272 344 1
272 348 1
273 350 1
274 248 1
274 668 1
274 689 1
275 248 1
275 278 1
275 358 1
276 248 1
276 275 1
276 279 1
276 31 1
277 275 1
277 278 1
278 279 1
278 310 1
279 678 1
280 277 1
280 310 1
281 308 1
281 309 1
282 281 1
282 284 1
283 280 1
283 282 1
284 257 1
284 356 1
285 283 1
285 284 1
286 285 1
286 291 1
287 288 1
287 293 1
288 257 1
288 289 1
289 290 1
289 294 1
290 291 1
290 357 1
291 315 1
291 317 1
291 357 1
292 315 1
292 316 1
293 251 1
293 319 1
294 254 1
294 321 1
295 290 1
295 294 1
296 263 1
296 264 1
297 296 1
297 320 1
298 253 1
298 352 1
299 298 1
299 711 1
300 292 1
300 301 1
301 252 1
301 303 1
302 300 1
302 301 1
302 353 1
303 304 1
303 331 1
303 37 2
304 302 1
304 305 1
305 306 1
305 403 1
306 332 1
306 374 1
307 280 1
307 282 1
308 307 1
308 355 1
309 250 1
309 257 1
309 261 1
310 311 1
310 312 1
311 313 1
311 718 1
312 283 1
312 286 1
313 312 1
313 314 1
314 286 1
314 315 1
315 291 1
315 316 1
315 318 1
315 31 1
316 253 1
316 352 1
317 295 1
317 323 1
318 317 1
318 324 1
319 296 1
319 320 1
320 254 1
320 321 1
321 322 1
321 326 1
322 295 1
322 323 1
323 324 1
323 328 1
324 325 1
324 329 1
325 252 1
325 303 1
326 265 1
326 297 1
327 322 1
327 326 1
328 327 1
328 333 1
329 328 1
329 334 1
330 325 1
330 329 1
331 330 1
331 384 1
332 304 1
332 331 1
333 266 1
333 334 1
333 336 1
334 6 2
334 333 1
334 337 1
334 362 1
335 6 2
335 189 1
335 338 1
336 269 1
337 336 1
337 341 1
338 189 1
338 192 1
338 270 1
339 271 1
339 345 1
340 272 1
340 336 1
340 341 1
341 346 1
341 359 1
342 271 1
342 345 1
343 190 1
343 344 1
344 272 1
344 342 1
345 270 1
345 342 1
345 343 1
346 272 1
346 273 1
347 344 1
348 349 1
349 194 1
350 351 1
351 191 1
352 300 1
352 353 1
353 299 1
353 354 1
354 259 1
354 414 1
355 249 1
355 260 1
356 257 1
356 289 1
356 357 1
357 285 1
357 291 1
357 356 1
358 248 1
358 249 1
358 31 1
359 387 1
359 429 1
360 402 28
360 407 1
360 417 1
360 44 2
361 401 21
361 405 1
362 330 1
362 334 1
362 384 1
363 369 1
363 378 1
363 385 1
364 123 1
364 365 1
364 385 1
364 423 1
365 364 1
365 381 1
365 430 1
365 44 2
366 6 2
366 8 2
366 398 1
366 399 1
367 400 1
367 417 1
367 716 1
368 370 1
368 415 1
368 37 2
369 363 1
369 374 1
369 409 1
369 37 2
370 258 1
370 713 1
371 367 1
371 418 1
372 360 29
372 408 1
373 123 1
373 396 1
374 369 1
374 389 1
374 427 1
375 390 1
375 394 1
376 369 1
376 390 1
376 397 1
377 259 1
377 414 1
378 393 1
378 397 1
379 120 2
379 455 1
379 457 1
380 373 1
380 391 1
381 365 1
381 386 1
381 425 1
382 372 21
382 419 1
383 371 1
383 729 1
383 44 2
384 8 2
384 362 1
384 388 1
384 427 1
385 124 1
385 363 1
385 364 1
385 422 1
386 381 1
386 392 1
386 478 1
387 337 1
387 362 1
388 387 1
388 429 1
389 375 1
389 428 1
390 8 2
390 375 1
390 376 1
390 389 1
391 381 1
391 392 1
392 395 1
392 479 1
393 115 1
394 375 1
394 399 1
394 428 1
395 380 1
395 456 1
396 379 1
396 455 1
397 376 1
397 393 1
398 346 1
398 359 1
399 125 3
399 366 1
399 394 1
399 398 1
400 368 1
400 416 1
400 715 1
401 377 21
401 404 1
402 361 33
402 406 1
402 416 1
403 377 1
403 404 1
404 405 1
405 406 1
405 421 1
406 402 1
406 407 1
406 422 1
407 360 1
407 408 1
407 423 1
408 410 1
408 424 1
409 306 1
409 403 1
410 382 1
410 413 1
411 383 1
411 420 1
412 382 21
412 413 1
413 426 1
413 476 1
413 44 2
414 370 1
414 415 1
415 361 1
415 416 1
416 400 1
416 402 1
416 417 1
417 360 1
417 367 1
417 418 1
418 372 1
418 419 1
419 383 1
419 420 1
420 412 1
420 474 1
421 363 1
421 409 1
422 385 1
422 406 1
422 421 1
423 364 1
423 407 1
423 422 1
424 365 1
424 423 1
425 410 1
425 424 1
426 386 1
426 425 1
427 332 1
427 374 1
427 384 1
428 388 1
428 427 1
429 394 1
429 399 1
430 373 1
430 391 1
431 437 1
431 438 1
431 461 1
431 465 1
431 592 1
432 439 23
432 461 1
432 462 1
432 45 2
433 440 1
433 452 1
433 463 1
433 491 1
434 446 1
434 567 1
434 583 1
435 447 1
435 496 1
435 505 1
435 53 1
436 373 1
436 380 1
437 431 1
437 438 1
437 626 1
438 458 1
438 473 1
439 459 1
439 475 21
440 433 1
440 451 1
440 478 1
440 45 2
441 480 1
441 482 1
442 443 1
442 481 1
443 129 1
443 152 1
443 481 1
443 483 1
443 15 2
444 441 1
444 452 1
444 483 1
445 465 1
445 469 1
445 499 1
445 631 1
446 434 1
446 471 1
446 498 21
446 499 1
447 435 1
447 450 1
447 454 1
448 449 1
448 484 1
448 15 2
449 136 1
449 489 1
450 447 1
450 490 1
450 494 1
451 441 1
451 452 1
452 433 1
452 444 1
452 487 1
453 450 1
453 454 1
454 448 1
454 489 1
455 436 1
455 457 1
456 436 1
456 457 1
457 442 1
458 439 1
458 461 1
459 460 1
459 462 1
460 440 1
460 477 1
461 431 1
461 432 1
461 45 2
461 466 1
462 432 1
462 463 1
462 468 1
463 433 1
463 460 1
463 462 1
464 431 1
464 636 1
465 431 1
465 445 1
465 464 1
465 45 2
466 445 1
466 465 1
467 432 21
467 466 1
468 467 1
468 470 1
469 467 23
469 470 1
470 493 1
470 497 1
471 472 1
471 495 1
472 434 1
472 583 1
473 411 1
473 626 1
474 458 1
474 473 1
475 412 23
475 474 1
476 459 1
476 475 1
477 426 1
477 476 1
478 386 1
478 440 1
478 477 1
479 451 1
479 478 1
480 395 1
480 479 1
481 456 1
481 480 1
481 482 1
482 483 1
483 149 1
483 443 1
483 444 1
484 453 1
484 485 1
485 150 1
485 486 1
486 444 1
486 487 1
487 488 1
487 491 1
488 453 1
488 485 1
489 435 1
489 448 1
489 505 1
490 450 1
490 488 1
490 491 1
491 433 1
491 490 1
491 492 1
492 463 1
492 468 1
493 490 1
493 492 1
494 493 1
494 497 1
495 447 1
495 494 1
495 53 1
496 472 1
496 495 1
497 471 1
497 498 1
498 469 1
498 499 1
499 445 1
499 446 1
499 631 1
500 445 1
500 464 1
501 504 1
501 505 2
501 855 3
502 521 1
502 856 2
503 510 1
503 516 1
503 517 1
504 550 2
505 435 1
505 501 1
506 507 2
506 509 1
507 139 2
507 508 1
507 17 2
508 507 1
508 509 2
508 529 2
509 518 1
509 520 1
510 511 1
510 519 1
510 522 1
511 514 1
511 16 2
512 513 1
512 515 1
512 16 2
513 137 2
513 516 1
513 531 1
514 136 2
515 503 1
515 514 1
516 503 1
516 513 1
516 515 1
517 506 1
517 516 1
518 510 1
518 517 1
518 17 2
519 518 1
519 520 1
520 524 1
520 528 2
521 511 1
522 502 1
522 521 1
523 519 1
523 522 1
524 523 1
524 526 1
525 523 1
525 526 1
526 525 1
526 527 1
526 829 2
527 524 1
527 526 1
527 528 1
527 19 2
528 527 1
528 529 1
529 508 2
529 528 1
529 828 3
530 531 2
531 506 1
531 530 2
531 17 2
532 533 1
532 793 2
533 532 1
533 546 1
533 556 2
533 50 1
534 537 1
534 551 1
534 556 2
534 61 1
535 539 1
535 551 1
535 563 2
535 49 2
536 548 1
536 550 1
536 568 89
537 534 1
537 802 2
537 809 1
537 58 1
538 540 1
538 552 1
538 553 2
539 535 1
539 538 2
539 542 2
539 563 1
539 62 2
540 538 1
540 539 1
540 542 1
540 812 2
540 61 1
540 923 2
541 556 1
541 809 2
542 540 1
542 547 1
542 834 1
542 64 2
543 544 1
543 554 1
543 40 2
544 545 1
544 559 2
544 577 1
544 795 2
545 544 1
545 554 1
545 929 1
546 533 1
546 555 1
546 560 1
547 542 1
547 548 1
547 623 1
547 62 2
548 536 1
548 547 1
548 833 1
549 857 2
550 536 1
550 569 1
550 52 1
551 534 1
551 535 1
551 552 1
552 538 1
552 551 1
552 803 2
552 61 1
553 806 1
554 532 1
554 545 1
555 546 1
555 610 1
555 928 1
556 170 5
556 533 2
556 534 2
556 541 1
556 49 2
557 566 1
557 663 1
558 557 1
558 620 1
559 544 2
559 575 1
559 589 1
559 593 1
559 795 2
560 546 1
561 650 1
562 560 1
562 611 1
562 50 1
563 535 2
563 616 2
563 622 1
563 62 2
564 614 1
564 661 1
565 539 2
565 618 1
565 622 1
565 51 1
566 564 1
566 619 1
567 446 23
567 581 1
568 582 1
568 666 21
569 583 1
569 52 1
570 576 1
570 590 1
570 591 1
571 557 1
571 664 1
572 578 1
572 603 1
573 579 1
573 605 1
574 501 1
574 504 1
574 53 1
575 559 1
575 587 1
576 588 1
576 627 1
576 42 2
577 561 1
577 598 1
578 600 1
578 640 1
578 43 1
579 580 1
579 632 1
580 446 1
580 581 1
581 573 1
581 608 1
582 571 1
582 621 1
583 434 1
583 574 1
583 630 1
583 660 1
584 585 1
584 688 1
585 586 1
585 628 1
586 625 1
586 626 1
586 687 1
586 42 2
587 651 1
588 591 1
588 629 1
589 559 1
589 587 1
589 590 1
589 42 2
590 570 1
590 589 1
590 595 1
591 570 1
591 592 1
591 597 1
592 431 1
592 591 1
592 629 1
593 648 1
594 589 1
594 593 1
595 594 1
595 642 1
596 570 1
596 595 1
597 596 1
597 637 1
597 42 2
598 599 1
598 646 1
598 43 1
599 578 1
599 603 1
599 43 1
600 601 1
600 604 1
601 579 1
601 634 1
602 561 1
602 598 1
603 602 1
603 644 1
604 572 1
604 606 1
605 601 1
605 604 1
606 633 1
606 655 1
606 43 1
607 573 1
607 608 1
608 609 1
608 658 1
609 567 23
609 583 1
609 52 1
610 560 1
610 611 1
610 50 1
611 612 1
611 653 1
612 614 1
612 661 1
612 51 1
613 639 1
613 654 1
614 562 1
614 617 1
615 550 1
615 568 1
616 562 1
616 617 1
616 51 1
617 618 1
617 622 2
618 564 1
618 619 1
619 558 1
619 565 2
620 571 1
620 621 1
620 51 1
621 624 1
622 563 1
622 565 1
623 620 1
623 624 1
624 548 1
624 550 1
624 568 2
624 52 1
625 411 1
625 729 1
626 437 1
626 586 1
626 628 1
627 584 1
628 588 1
628 627 1
629 437 1
629 626 1
630 496 1
630 505 1
631 580 1
631 632 1
632 500 1
632 634 1
632 43 1
633 605 1
633 607 1
634 635 1
634 638 1
635 500 1
635 636 1
636 592 1
636 597 1
637 635 1
637 638 1
638 600 1
638 640 1
639 572 1
639 606 1
640 641 1
640 643 1
641 596 1
641 637 1
642 641 1
642 643 1
643 599 1
643 646 1
644 639 1
644 654 1
645 602 1
645 644 1
646 647 1
646 649 1
647 594 1
647 642 1
648 647 1
648 649 1
649 577 1
650 645 1
650 652 1
651 576 1
651 590 1
652 610 1
652 928 1
653 645 1
653 652 1
654 612 1
654 653 1
655 613 1
655 662 1
656 633 1
656 655 1
657 607 1
657 656 1
658 657 1
658 665 1
659 609 21
659 658 1
660 659 1
660 667 1
661 613 1
661 662 1
662 566 1
662 663 1
663 656 1
663 664 1
664 657 1
664 665 1
665 582 1
665 666 1
666 659 21
666 667 1
667 615 1
668 246 2
668 274 1
668 689 1
668 696 1
668 35 2
669 675 1
669 682 1
670 671 1
670 692 1
670 35 2
671 691 1
671 778 1
671 779 1
671 41 2
672 676 1
672 685 1
672 703 1
672 723 1
672 727 1
672 775 2
673 674 1
673 691 1
673 703 1
673 36 1
674 673 1
674 690 1
674 701 1
674 36 1
675 670 1
675 885 1
676 672 1
676 687 1
676 728 1
677 675 1
677 682 1
677 701 1
677 36 1
678 276 1
678 700 1
679 681 1
679 682 1
679 696 1
680 683 1
680 699 1
681 668 1
681 669 1
681 884 2
682 677 1
682 679 1
682 720 1
683 684 1
683 706 1
684 702 1
684 721 1
685 778 2
686 672 1
686 676 1
687 585 1
687 586 1
687 676 1
687 688 1
688 686 1
689 693 1
689 697 1
689 31 1
690 673 1
690 722 1
691 671 1
691 673 1
691 692 1
692 674 1
693 276 1
693 678 1
694 678 1
695 313 1
695 718 1
696 668 1
696 679 1
696 697 1
697 679 1
697 698 1
698 693 1
698 700 1
698 36 1
699 679 1
699 698 1
700 680 1
700 704 1
701 674 1
701 677 1
701 702 1
702 690 1
703 672 1
703 673 1
703 723 1
704 694 1
704 719 1
705 680 1
705 704 1
706 705 1
706 725 1
706 36 1
707 684 1
707 706 1
708 709 1
708 714 1
709 715 1
709 723 1
709 727 1
710 298 1
710 695 1
711 710 1
711 724 1
712 258 1
712 711 1
713 712 1
713 726 1
713 37 2
714 368 1
714 713 1
715 400 1
715 709 1
715 714 1
716 367 1
716 715 1
716 727 1
717 371 1
717 716 1
718 694 1
718 719 1
719 710 1
719 718 1
720 683 1
720 699 1
721 677 1
721 720 1
722 707 1
722 708 1
723 703 1
723 709 1
723 722 1
724 705 1
724 725 1
725 712 1
725 726 1
726 707 1
726 708 1
727 672 1
727 716 1
727 728 1
728 687 1
728 717 1
729 687 1
729 717 1
730 736 1
730 737 1
730 741 2
731 734 1
731 740 1
731 742 2
731 750 1
731 25 3
732 738 1
732 747 1
732 748 2
733 739 2
733 740 1
733 746 1
733 23 2
734 731 1
734 735 1
734 27 2
734 926 1
735 238 1
735 743 1
735 28 2
736 730 1
736 748 1
736 749 3
737 730 1
737 738 2
737 764 1
737 24 2
738 732 1
738 762 2
739 733 2
739 744 1
739 762 1
740 731 1
740 733 1
740 757 1
741 159 5
741 736 3
741 737 3
741 22 2
742 234 1
742 743 1
742 756 1
742 27 2
743 735 1
743 742 1
744 668 1
744 766 2
745 731 2
745 755 2
745 23 2
746 732 2
746 733 1
746 734 1
746 745 1
746 23 2
747 745 1
748 730 1
748 747 2
748 24 2
749 78 2
749 736 3
749 755 3
749 758 3
749 23 2
750 731 1
750 753 2
750 755 1
750 757 2
750 760 3
751 227 1
751 756 1
751 757 1
751 25 3
752 74 2
752 232 1
753 750 2
753 759 1
753 760 2
754 232 1
754 752 2
754 760 2
754 26 2
755 749 3
755 750 1
756 742 1
756 751 1
756 761 2
757 740 1
757 751 1
758 76 2
758 78 2
758 81 2
758 82 2
758 83 2
758 749 3
758 759 2
759 75 2
759 76 2
759 77 2
759 85 2
759 86 2
759 87 2
759 103 2
759 104 2
759 106 2
759 107 2
759 108 2
759 109 2
759 753 1
759 758 2
759 25 3
760 750 3
760 753 2
760 754 2
761 754 1
761 756 2
761 26 2
762 738 2
762 739 1
762 765 1
762 766 1
763 160 2
763 770 1
764 737 1
764 762 3
764 767 1
765 762 1
765 767 2
765 769 1
765 24 2
766 762 1
766 765 1
766 872 2
767 764 1
767 768 1
768 767 1
768 769 2
768 871 1
768 33 2
769 765 1
769 768 2
769 874 1
770 782 1
770 873 1
771 773 1
771 780 1
772 783 1
773 786 1
774 779 1
774 780 1
774 785 1
774 877 1
774 887 1
775 776 1
775 785 1
776 575 2
776 688 2
776 41 2
777 771 1
777 792 1
778 775 1
778 779 1
779 671 1
779 774 1
779 35 2
780 771 1
780 774 1
780 877 1
780 34 2
781 177 1
781 782 1
781 790 2
782 763 1
782 781 1
783 789 1
783 796 1
783 39 2
784 875 1
785 773 2
785 41 2
786 772 1
786 776 4
786 788 1
787 771 1
787 786 1
788 789 1
788 791 1
789 177 4
789 784 2
789 787 1
790 781 2
790 784 2
790 787 1
790 39 2
791 165 5
791 781 2
791 790 1
791 39 2
792 772 1
792 786 1
793 532 2
793 543 1
793 783 3
793 797 5
793 40 2
794 543 1
794 793 2
795 575 3
795 794 1
795 41 2
796 544 2
796 545 2
796 794 1
797 164 3
797 171 3
797 175 7
797 793 5
797 47 2
798 802 1
798 58 1
799 179 3
799 802 2
799 890 2
799 56 1
799 57 1
799 59 1
800 801 1
800 808 1
800 48 2
801 161 1
801 174 2
801 800 1
801 55 2
802 537 2
802 798 1
802 799 2
802 803 1
803 552 2
803 802 1
803 804 2
803 60 1
804 806 1
805 802 2
805 804 1
806 812 1
806 60 1
807 805 1
807 806 1
808 170 2
808 800 1
808 809 2
809 537 1
809 798 2
809 808 2
810 807 1
810 812 1
810 819 1
810 900 2
810 60 1
811 815 2
811 816 1
811 819 1
812 540 2
812 810 1
812 813 2
812 818 1
812 63 1
813 549 1
814 813 1
814 815 1
814 70 2
815 818 1
816 811 1
816 814 2
816 820 1
816 869 1
817 807 1
817 810 1
818 810 1
818 819 3
818 63 1
819 811 1
819 893 1
820 816 1
820 860 3
820 870 1
821 835 1
821 836 1
822 824 2
822 847 1
822 852 1
823 830 1
823 853 2
823 918 1
824 18 2
824 822 2
824 827 2
824 841 2
824 856 1
825 21 1
825 826 1
825 853 2
826 20 2
826 825 1
826 842 2
826 844 2
827 824 2
827 845 2
827 847 1
828 529 3
828 829 1
829 19 2
829 828 1
829 841 1
829 842 1
830 823 1
830 839 1
830 843 1
831 832 1
831 846 1
831 848 1
831 65 2
832 831 1
832 837 1
832 849 1
832 858 1
833 821 2
833 835 1
833 64 2
834 547 1
834 833 1
835 833 1
835 834 1
835 64 2
835 923 1
836 821 1
836 849 1
836 852 1
836 65 2
836 923 1
837 832 1
837 838 1
837 850 1
838 837 1
838 850 4
838 73 1
838 915 2
839 830 1
839 840 1
839 918 1
840 917 2
841 525 3
841 19 2
841 824 2
841 829 1
842 826 2
842 841 2
843 830 1
843 844 2
843 845 1
844 826 2
844 843 2
844 853 1
845 827 2
845 843 1
845 846 1
846 831 1
846 839 1
846 845 1
846 65 2
847 18 2
847 827 1
847 846 1
847 848 1
848 18 2
848 847 1
848 849 2
848 852 1
849 832 1
849 836 1
849 848 2
850 831 1
850 837 1
850 73 1
851 850 1
851 854 2
852 822 1
852 836 1
852 854 1
853 21 1
853 823 2
853 825 2
853 844 1
854 569 3
855 822 1
855 840 2
856 18 2
856 822 2
856 824 1
856 502 2
857 858 3
857 63 1
857 921 3
857 923 2
858 832 1
858 857 3
858 865 4
859 863 2
859 869 1
859 71 2
860 868 1
860 893 2
860 900 1
861 862 3
861 866 1
861 72 2
861 920 1
862 861 3
862 868 1
862 892 1
862 895 1
863 859 2
863 866 4
863 867 1
864 91 2
864 867 2
865 858 4
865 867 2
865 915 3
866 861 1
866 863 4
866 867 4
867 863 1
867 864 2
867 865 2
867 866 4
867 72 2
868 862 1
868 870 2
868 71 2
869 816 1
869 859 1
869 870 1
869 70 2
870 820 1
870 868 2
870 70 2
871 768 1
871 873 2
871 874 2
871 33 2
872 696 3
872 766 2
872 884 1
872 34 2
873 770 1
873 871 2
873 875 2
873 33 2
874 769 1
874 871 2
874 875 1
874 879 1
874 34 2
875 777 2
875 873 2
875 874 1
875 880 1
876 881 1
876 883 1
876 884 1
876 35 2
877 880 1
877 881 1
877 888 1
877 34 2
878 769 1
878 879 1
879 874 1
879 876 1
880 777 1
880 875 1
880 877 1
881 876 1
881 877 1
882 669 1
883 882 1
883 886 1
884 872 1
884 876 1
884 878 2
885 882 1
885 886 1
886 881 1
886 888 1
887 670 1
887 885 1
888 774 1
888 887 1
889 167 2
889 173 2
889 897 2
889 902 1
889 54 2
889 55 2
890 799 2
890 896 1
890 902 2
890 912 2
890 913 1
891 901 1
891 905 2
891 914 4
892 894 3
892 895 1
892 901 1
892 69 1
893 860 2
893 896 2
893 914 3
893 70 2
894 892 3
894 898 2
895 860 1
895 862 1
895 69 1
895 71 2
896 890 1
896 893 2
896 914 2
896 59 1
896 68 2
897 889 2
897 902 1
897 903 2
897 913 3
898 899 2
898 906 2
898 907 2
899 898 2
900 860 1
900 894 1
901 891 1
901 892 1
901 906 2
902 889 1
902 890 2
902 897 1
902 57 1
903 897 2
903 904 2
903 910 1
903 913 2
904 903 2
904 67 2
905 891 2
905 67 2
905 910 2
905 911 2
906 817 1
906 901 2
906 67 2
907 909 1
908 899 2
908 66 1
909 94 2
909 95 2
909 97 2
909 110 2
909 908 1
910 903 1
910 905 2
910 912 2
911 905 2
911 912 1
911 914 2
912 890 2
912 68 2
912 910 2
912 911 1
913 890 1
913 897 3
913 903 2
913 57 1
913 68 2
914 891 4
914 893 3
914 896 2
914 911 2
915 91 2
915 92 2
915 93 2
915 96 2
915 99 2
915 838 2
915 865 3
916 851 2
917 92 2
917 93 2
917 96 2
917 99 2
917 100 2
917 916 1
919 98 2
919 102 2
919 158 4
919 160 8
920 91 2
920 861 1
921 869 2
921 922 1
922 814 1
923 540 2
923 835 1
923 836 1
923 857 2
924 358 1
924 925 1
925 735 2
925 926 1
926 246 1
926 734 1
926 927 1
927 746 1
928 169 2
928 555 1
928 929 1
929 545 1
929 650 1
929 783 2
929 928 1
930 74 2
930 214 4
930 216 2
S 25
92 74 40 91 65 33 26 47 49 27 68 51 43 94 62 6 56 55 76 46 34 79 25 66 32
T 25
100 101 102 103 104 105 106 107 108 109 110 57 39 28 48 85 21 61 64 54 60 7 84 58 59
