# meta: nome=urb-st_helier-m10-f4
# meta: familia=urbano
# meta: classe=principal
# meta: das_compat=exata
# meta: instancia_original=st_helier-59.graphml
# meta: fonte=Global Urban Street Networks (Boeing), v3.1
# meta: problema_original=modelo de rede viária urbana (OSMnx/OpenStreetMap)
# meta: url=https://doi.org/10.7910/DVN/KA5HJ3
# meta: referencia=G. Boeing, Street network models and indicators for every urban area in the world (Harvard Dataverse, CC0)
# meta: transformacao=G-SUBDIV:100; maior componente conexa; não dirigido; passos unitários
# meta: regra_ST=ST-REGIAO
# meta: regra_r=R-FRAC:4 (lambda*=86)
# meta: seed=
# meta: script=src/converters/build_benchmark.py
# meta: commit_gerador=a647555
# meta: observacao=não dirigido; aresta de L metros vira caminho com round(L/100) passos (recarga possível a cada 100 m); S e T = interseções nos dois extremos da cidade
N 1345
M 3254
R 22
# u v length
12624202 12626413 1
12626413 12624202 1
12624202 12626499 1
12626499 12624202 1
12624202 12624202~12626099~1 1
12624202~12626099~1 12624202 1
12624348 1779221374 1
1779221374 12624348 1
12624348 1792094848 1
1792094848 12624348 1
12624364 12624818 1
12624818 12624364 1
12624364 12626568 1
12626568 12624364 1
12624364 60972177 1
60972177 12624364 1
12624763 1266967898 1
1266967898 12624763 1
12624763 1266970148 1
1266970148 12624763 1
12624763 6188749847 1
6188749847 12624763 1
12624763 6188749850 1
6188749850 12624763 1
12624818 12624997 1
12624997 12624818 1
12624818 251060073 1
251060073 12624818 1
12624880 1822683934 1
1822683934 12624880 1
12624880 1822683935 1
1822683935 12624880 1
12624880 1822690509 1
1822690509 12624880 1
12624997 12625021 1
12625021 12624997 1
12624997 12625870 1
12625870 12624997 1
12624998 12626623 1
12626623 12624998 1
12624998 341914691 1
341914691 12624998 1
12624998 1343285851 1
1343285851 12624998 1
12624998 1780473285 1
1780473285 12624998 1
12625021 12625870 1
12625870 12625021 1
12625021 12626413 1
12626413 12625021 1
12625081 12625107 1
12625107 12625081 1
12625081 12625998 1
12625998 12625081 1
12625081 8454019574 1
8454019574 12625081 1
12625081 12625081~1822683935~1 1
12625081~1822683935~1 12625081 1
12625107 60972195 1
60972195 12625107 1
12625107 1780483203 1
1780483203 12625107 1
12625107 12625107~1822698386~1 1
12625107~1822698386~1 12625107 1
12625119 1822982587 1
1822982587 12625119 1
12625119 12625119~1822707498~1 1
12625119~1822707498~1 12625119 1
12625127 12625349 1
12625349 12625127 1
12625127 12625947 1
12625947 12625127 1
12625127 12625987 1
12625987 12625127 1
12625349 12626192 1
12626192 12625349 1
12625349 12625349~12626568~1 1
12625349~12626568~1 12625349 1
12625870 6188749850 1
6188749850 12625870 1
12625947 12625987 1
12625987 12625947 1
12625947 60972810 1
60972810 12625947 1
12625987 1779571176 1
1779571176 12625987 1
12625998 12626527 1
12626527 12625998 1
12625998 3400611581 1
3400611581 12625998 1
12626099 1779926109 1
1779926109 12626099 1
12626099 12624202~12626099~1 1
12624202~12626099~1 12626099 1
12626099 12626099~60972177~1 1
12626099~60972177~1 12626099 1
12626192 60972810 1
60972810 12626192 1
12626192 12626192~12626499~1 1
12626192~12626499~1 12626192 1
12626263 1780005656 1
1780005656 12626263 1
12626263 12626263~12626413~1 1
12626263~12626413~1 12626263 1
12626263 12626263~251060073~1 1
12626263~251060073~1 12626263 1
12626413 12626263~12626413~1 1
12626263~12626413~1 12626413 1
12626494 60972810 1
60972810 12626494 1
12626494 1779260334 1
1779260334 12626494 1
12626494 12626494~1779917876~1 1
12626494~1779917876~1 12626494 1
12626499 12626568 1
12626568 12626499 1
12626499 12626192~12626499~1 1
12626192~12626499~1 12626499 1
12626527 1343285805 1
1343285805 12626527 1
12626527 3400611581 1
3400611581 12626527 1
12626568 12625349~12626568~1 1
12625349~12626568~1 12626568 1
12626623 1780005655 1
1780005655 12626623 1
12626623 1780005656 1
1780005656 12626623 1
12626625 1780005655 1
1780005655 12626625 1
12626625 1796884596 1
1796884596 12626625 1
12626625 12626625~1779926106~1 1
12626625~1779926106~1 12626625 1
60579956 1787064951 1
1787064951 60579956 1
60965452 1605168240~60965452~4 1
1605168240~60965452~4 60965452 1
60965452 1777583690~60965452~7 1
1777583690~60965452~7 60965452 1
60965452 1778468394~60965452~2 1
1778468394~60965452~2 60965452 1
60965465 1879060522 1
1879060522 60965465 1
60965465 1963675296 1
1963675296 60965465 1
60965465 1778289094~60965465~1 1
1778289094~60965465~1 60965465 1
60965468 7866126986 1
7866126986 60965468 1
60965468 1778411689~60965468~1 1
1778411689~60965468~1 60965468 1
60965468 2110402675~60965468~1 1
2110402675~60965468~1 60965468 1
60965475 1339607472 1
1339607472 60965475 1
60965475 2013568755 1
2013568755 60965475 1
60965475 8913234629 1
8913234629 60965475 1
60965493 60965494 1
60965494 60965493 1
60965493 1277200321 1
1277200321 60965493 1
60965493 1277156872~60965493~2 1
1277156872~60965493~2 60965493 1
60965494 1277156756~60965494~1 1
1277156756~60965494~1 60965494 1
60965494 1277156872~60965494~1 1
1277156872~60965494~1 60965494 1
60965498 1277156756 1
1277156756 60965498 1
60965498 1780865344 1
1780865344 60965498 1
60965504 60965505 1
60965505 60965504 1
60965504 1277156844~60965504~1 1
1277156844~60965504~1 60965504 1
60965504 1780865344~60965504~1 1
1780865344~60965504~1 60965504 1
60965505 2217385571 1
2217385571 60965505 1
60965505 1277156781~60965505~2 1
1277156781~60965505~2 60965505 1
60965528 251060149 1
251060149 60965528 1
60965528 251060266 1
251060266 60965528 1
60965528 1778010160 1
1778010160 60965528 1
60972177 12626099~60972177~2 1
12626099~60972177~2 60972177 1
60972177 251060149~60972177~1 1
251060149~60972177~1 60972177 1
60972195 1343285635 1
1343285635 60972195 1
60972195 1902037332 1
1902037332 60972195 1
60972195 8454019574 1
8454019574 60972195 1
60972197 386941646 1
386941646 60972197 1
60972197 386942140 1
386942140 60972197 1
60972197 1784444503 1
1784444503 60972197 1
60972200 60972201 1
60972201 60972200 1
60972200 775719084 1
775719084 60972200 1
60972200 1343290818 1
1343290818 60972200 1
60972200 60972200~9389423580~1 1
60972200~9389423580~1 60972200 1
60972201 1332580152 1
1332580152 60972201 1
60972201 1332580269 1
1332580269 60972201 1
60972213 1770339865 1
1770339865 60972213 1
60972213 1781675854 1
1781675854 60972213 1
60972213 1864016552 1
1864016552 60972213 1
60972220 60972221 1
60972221 60972220 1
60972220 1770357506 1
1770357506 60972220 1
60972220 1838653820~60972220~1 1
1838653820~60972220~1 60972220 1
60972221 1879115569 1
1879115569 60972221 1
60972221 1762612169~60972221~1 1
1762612169~60972221~1 60972221 1
60972228 1770373545 1
1770373545 60972228 1
60972228 60972228~7050469206~1 1
60972228~7050469206~1 60972228 1
60972228 60972228~775727330~1 1
60972228~775727330~1 60972228 1
60972356 1333666790 1
1333666790 60972356 1
60972356 4804216187 1
4804216187 60972356 1
60972356 4804216190 1
4804216190 60972356 1
60972389 1317844108 1
1317844108 60972389 1
60972389 1343285667 1
1343285667 60972389 1
60972389 1770339839 1
1770339839 60972389 1
60972389 1770339846 1
1770339846 60972389 1
60972396 1317844126 1
1317844126 60972396 1
60972396 1668098252 1
1668098252 60972396 1
60972396 1668111124 1
1668111124 60972396 1
60972402 1889903397 1
1889903397 60972402 1
60972402 1781655631~60972402~6 1
1781655631~60972402~6 60972402 1
60972402 60972402~60972405~1 1
60972402~60972405~1 60972402 1
60972405 1781655631~60972405~1 1
1781655631~60972405~1 60972405 1
60972405 60972402~60972405~5 1
60972402~60972405~5 60972405 1
60972441 1781725547 1
1781725547 60972441 1
60972441 4610480263 1
4610480263 60972441 1
60972441 60972441~775798962~1 1
60972441~775798962~1 60972441 1
60972442 2063297074 1
2063297074 60972442 1
60972442 2063297107 1
2063297107 60972442 1
60972442 4610480263~60972442~1 1
4610480263~60972442~1 60972442 1
60972443 775799020 1
775799020 60972443 1
60972443 1896243015 1
1896243015 60972443 1
60972443 60972443~60972444~1 1
60972443~60972444~1 60972443 1
60972444 1784604893 1
1784604893 60972444 1
60972444 294070915~60972444~5 1
294070915~60972444~5 60972444 1
60972444 371506585~60972444~2 1
371506585~60972444~2 60972444 1
60972444 60972443~60972444~1 1
60972443~60972444~1 60972444 1
60972466 1339601960 1
1339601960 60972466 1
60972466 1781918613 1
1781918613 60972466 1
60972466 1837581896 1
1837581896 60972466 1
60972466 1777967793~60972466~3 1
1777967793~60972466~3 60972466 1
60972479 60972480 1
60972480 60972479 1
60972479 1838612440 1
1838612440 60972479 1
60972479 3401944544 1
3401944544 60972479 1
60972480 1837576077 1
1837576077 60972480 1
60972480 1886748893 1
1886748893 60972480 1
60972491 1788867150 1
1788867150 60972491 1
60972491 1788867153 1
1788867153 60972491 1
60972491 1797049799 1
1797049799 60972491 1
60972493 1781837935 1
1781837935 60972493 1
60972493 1788331089 1
1788331089 60972493 1
60972493 1837546006~60972493~1 1
1837546006~60972493~1 60972493 1
60972800 1784596490 1
1784596490 60972800 1
60972800 1839895126 1
1839895126 60972800 1
60972800 1339601914~60972800~1 1
1339601914~60972800~1 60972800 1
60972804 1845044220 1
1845044220 60972804 1
60972804 2470281143 1
2470281143 60972804 1
60972804 1781725547~60972804~1 1
1781725547~60972804~1 60972804 1
60972812 775719180 1
775719180 60972812 1
60972812 1332580185 1
1332580185 60972812 1
60972812 9389423582 1
9389423582 60972812 1
60972812 1343285758~60972812~1 1
1343285758~60972812~1 60972812 1
251060073 251060142 1
251060142 251060073 1
251060073 12626263~251060073~3 1
12626263~251060073~3 251060073 1
251060142 251060143 1
251060143 251060142 1
251060142 2588960376 1
2588960376 251060142 1
251060143 1895926030 1
1895926030 251060143 1
251060143 8765722281 1
8765722281 251060143 1
251060145 251060147 1
251060147 251060145 1
251060145 251544246 1
251544246 251060145 1
251060145 1277156938 1
1277156938 251060145 1
251060147 1277156804 1
1277156804 251060147 1
251060147 1879152206 1
1879152206 251060147 1
251060149 1895926030 1
1895926030 251060149 1
251060149 251060149~60972177~1 1
251060149~60972177~1 251060149 1
251060266 1780398952 1
1780398952 251060266 1
251060266 1895926030 1
1895926030 251060266 1
251544246 251544247 1
251544247 251544246 1
251544246 3400510061 1
3400510061 251544246 1
251544247 1275867462 1
1275867462 251544247 1
251544247 1844083389 1
1844083389 251544247 1
251544253 371508750 1
371508750 251544253 1
251544253 1259478425 1
1259478425 251544253 1
251544253 1787376360 1
1787376360 251544253 1
251544253 2222805103 1
2222805103 251544253 1
251544256 1259478352 1
1259478352 251544256 1
251544256 1259478381 1
1259478381 251544256 1
251544256 1259478425 1
1259478425 251544256 1
251544261 251544263 1
251544263 251544261 1
251544261 3571821994 1
3571821994 251544261 1
251544261 1259478381~251544261~1 1
1259478381~251544261~1 251544261 1
251544263 251544266 1
251544266 251544263 1
251544263 1259478380~251544263~2 1
1259478380~251544263~2 251544263 1
251544266 251544267 1
251544267 251544266 1
251544266 1798109886 1
1798109886 251544266 1
251544267 251544268 1
251544268 251544267 1
251544267 1293865579~251544267~1 1
1293865579~251544267~1 251544267 1
251544268 251544269 1
251544269 251544268 1
251544268 1317844004~251544268~2 1
1317844004~251544268~2 251544268 1
251544269 251544286 1
251544286 251544269 1
251544269 1317844006 1
1317844006 251544269 1
251544276 1317844006 1
1317844006 251544276 1
251544276 1317844008 1
1317844008 251544276 1
251544276 6226177168 1
6226177168 251544276 1
251544284 251544286 1
251544286 251544284 1
251544284 294072086 1
294072086 251544284 1
251544284 1283420441 1
1283420441 251544284 1
251544286 1859958178 1
1859958178 251544286 1
251544305 1311822658 1
1311822658 251544305 1
251544305 1317844024 1
1317844024 251544305 1
251544305 2744376104 1
2744376104 251544305 1
251544306 251544307 1
251544307 251544306 1
251544306 1311822658 1
1311822658 251544306 1
251544306 2744376104 1
2744376104 251544306 1
251544307 251544309 1
251544309 251544307 1
251544307 1283420438 1
1283420438 251544307 1
251544307 1317843998 1
1317843998 251544307 1
251544309 251544310 1
251544310 251544309 1
251544309 1317844110 1
1317844110 251544309 1
251544310 251544311 1
251544311 251544310 1
251544310 1333666770 1
1333666770 251544310 1
251544310 1343285665 1
1343285665 251544310 1
251544311 1333666766 1
1333666766 251544311 1
251544311 251544311~251544312~1 1
251544311~251544312~1 251544311 1
251544312 1317844108 1
1317844108 251544312 1
251544312 1333666808 1
1333666808 251544312 1
251544312 251544311~251544312~1 1
251544311~251544312~1 251544312 1
294070298 1343285789 1
1343285789 294070298 1
294070298 1891200907 1
1891200907 294070298 1
294070298 1328616952~294070298~3 1
1328616952~294070298~3 294070298 1
294070299 1328616948 1
1328616948 294070299 1
294070299 1328616962 1
1328616962 294070299 1
294070299 1909841064 1
1909841064 294070299 1
294070299 1339601914~294070299~1 1
1339601914~294070299~1 294070299 1
294070415 1257846800 1
1257846800 294070415 1
294070415 1257846805 1
1257846805 294070415 1
294070415 1780373741 1
1780373741 294070415 1
294070415 2161134806 1
2161134806 294070415 1
294070558 1257079058 1
1257079058 294070558 1
294070558 1780369944 1
1780369944 294070558 1
294070558 1780373741 1
1780373741 294070558 1
294070559 294071401 1
294071401 294070559 1
294070559 1257079064 1
1257079064 294070559 1
294070559 1257079074 1
1257079074 294070559 1
294070719 1257079047 1
1257079047 294070719 1
294070719 1798091550 1
1798091550 294070719 1
294070719 1879107760~294070719~1 1
1879107760~294070719~1 294070719 1
294070725 1257846800 1
1257846800 294070725 1
294070725 1258141935 1
1258141935 294070725 1
294070725 1780373741 1
1780373741 294070725 1
294070915 1343285626 1
1343285626 294070915 1
294070915 1365193842~294070915~1 1
1365193842~294070915~1 294070915 1
294070915 294070915~60972444~1 1
294070915~60972444~1 294070915 1
294070916 294071073 1
294071073 294070916 1
294070916 1343285626 1
1343285626 294070916 1
294070916 1365193842 1
1365193842 294070916 1
294071073 1283420441 1
1283420441 294071073 1
294071073 1317844014 1
1317844014 294071073 1
294071401 1257079064 1
1257079064 294071401 1
294071401 1339601933 1
1339601933 294071401 1
294071401 1339601937 1
1339601937 294071401 1
294071403 1258141917 1
1258141917 294071403 1
294071403 1258141924 1
1258141924 294071403 1
294071403 2154279475 1
2154279475 294071403 1
294071403 2665940044 1
2665940044 294071403 1
294071523 1339601912 1
1339601912 294071523 1
294071523 1339601913 1
1339601913 294071523 1
294071523 1257079074~294071523~1 1
1257079074~294071523~1 294071523 1
294072086 1859958178 1
1859958178 294072086 1
294072086 1343285850~294072086~1 1
1343285850~294072086~1 294072086 1
294072089 1781837935 1
1781837935 294072089 1
294072089 1797063203~294072089~2 1
1797063203~294072089~2 294072089 1
294072089 294072089~775799039~1 1
294072089~775799039~1 294072089 1
341914691 1343285758 1
1343285758 341914691 1
341914691 1343285771 1
1343285771 341914691 1
341914691 1796884597~341914691~1 1
1796884597~341914691~1 341914691 1
343308887 1266967909 1
1266967909 343308887 1
343308887 1277156937 1
1277156937 343308887 1
343308887 1895921423 1
1895921423 343308887 1
343308894 343309212 1
343309212 343308894 1
343308894 760531857 1
760531857 343308894 1
343308894 1311819550~343308894~1 1
1311819550~343308894~1 343308894 1
343308896 1265295270 1
1265295270 343308896 1
343308896 1311819528 1
1311819528 343308896 1
343308896 1311819534 1
1311819534 343308896 1
343308896 1311819551 1
1311819551 343308896 1
343308897 343309212 1
343309212 343308897 1
343308897 1266967909 1
1266967909 343308897 1
343308897 1266967917 1
1266967917 343308897 1
343308897 1277156781~343308897~3 1
1277156781~343308897~3 343308897 1
343308900 1311819528 1
1311819528 343308900 1
343308901 1293865629 1
1293865629 343308901 1
343308901 1293865641 1
1293865641 343308901 1
343308901 1311819532 1
1311819532 343308901 1
343309212 1266967912~343309212~1 1
1266967912~343309212~1 343309212 1
371505104 1839895126 1
1839895126 371505104 1
371505104 1328616957~371505104~1 1
1328616957~371505104~1 371505104 1
371505104 371505104~371505647~1 1
371505104~371505647~1 371505104 1
371505647 1784604893 1
1784604893 371505647 1
371505647 371505104~371505647~2 1
371505104~371505647~2 371505647 1
371506578 1792932171 1
1792932171 371506578 1
371506578 1845045922 1
1845045922 371506578 1
371506578 2063297074~371506578~1 1
2063297074~371506578~1 371506578 1
371506585 1845057109 1
1845057109 371506585 1
371506585 1899881540 1
1899881540 371506585 1
371506585 371506585~60972444~1 1
371506585~60972444~1 371506585 1
371508160 1365170501 1
1365170501 371508160 1
371508160 1845045922 1
1845045922 371508160 1
371508160 371508160~775718978~1 1
371508160~775718978~1 371508160 1
371508750 1257846805 1
1257846805 371508750 1
371508750 1798091542 1
1798091542 371508750 1
371508764 1256997973 1
1256997973 371508764 1
371508764 1328616952 1
1328616952 371508764 1
371508764 1257101525~371508764~2 1
1257101525~371508764~2 371508764 1
386941646 1343290821 1
1343290821 386941646 1
386941646 386941646~386941657~1 1
386941646~386941657~1 386941646 1
386941657 1894548542 1
1894548542 386941657 1
386941657 386941646~386941657~9 1
386941646~386941657~9 386941657 1
386941657 386941657~386941659~1 1
386941657~386941659~1 386941657 1
386941659 1838653817 1
1838653817 386941659 1
386941659 1838654474 1
1838654474 386941659 1
386941659 386941657~386941659~1 1
386941657~386941659~1 386941659 1
386942140 1343285858 1
1343285858 386942140 1
386942140 386942140~386942141~1 1
386942140~386942141~1 386942140 1
386942141 386942142 1
386942142 386942141 1
386942141 1343285805 1
1343285805 386942141 1
386942141 386942140~386942141~1 1
386942140~386942141~1 386942141 1
386942142 1343285805 1
1343285805 386942142 1
386942142 1343285845 1
1343285845 386942142 1
505199726 775713931 1
775713931 505199726 1
505199726 1365193842 1
1365193842 505199726 1
505199726 1317844014~505199726~1 1
1317844014~505199726~1 505199726 1
760531542 1259478431 1
1259478431 760531542 1
760531542 1844083389 1
1844083389 760531542 1
760531542 2222805103 1
2222805103 760531542 1
760531857 1259478355 1
1259478355 760531857 1
760531857 1293865623 1
1293865623 760531857 1
775713931 1317844126 1
1317844126 775713931 1
775713931 1668111124 1
1668111124 775713931 1
775713948 1277200321 1
1277200321 775713948 1
775713948 1277200333 1
1277200333 775713948 1
775713948 2244989028 1
2244989028 775713948 1
775713999 1889915374 1
1889915374 775713999 1
775713999 1675164863~775713999~1 1
1675164863~775713999~1 775713999 1
775713999 1900091803~775713999~1 1
1900091803~775713999~1 775713999 1
775718978 1784591056 1
1784591056 775718978 1
775718978 1792932171~775718978~1 1
1792932171~775718978~1 775718978 1
775718978 1889685156~775718978~2 1
1889685156~775718978~2 775718978 1
775718978 371508160~775718978~1 1
371508160~775718978~1 775718978 1
775718985 1784591056~775718985~6 1
1784591056~775718985~6 775718985 1
775719077 1283420438 1
1283420438 775719077 1
775719077 1333666770 1
1333666770 775719077 1
775719077 1333666813 1
1333666813 775719077 1
775719084 1332580249 1
1332580249 775719084 1
775719084 1332580277 1
1332580277 775719084 1
775719180 1909836748 1
1909836748 775719180 1
775719180 1788571610~775719180~1 1
1788571610~775719180~1 775719180 1
775727292 775727293 1
775727293 775727292 1
775727292 1822698385 1
1822698385 775727292 1
775727292 1822698386 1
1822698386 775727292 1
775727292 1822707498~775727292~2 1
1822707498~775727292~2 775727292 1
775727293 1776038350 1
1776038350 775727293 1
775727293 1787115829~775727293~1 1
1787115829~775727293~1 775727293 1
775727293 1822707497~775727293~2 1
1822707497~775727293~2 775727293 1
775727328 1770373545~775727328~1 1
1770373545~775727328~1 775727328 1
775727328 775727328~775727330~1 1
775727328~775727330~1 775727328 1
775727330 60972228~775727330~1 1
60972228~775727330~1 775727330 1
775727330 775727328~775727330~1 1
775727328~775727330~1 775727330 1
775798959 1781723285~775798959~2 1
1781723285~775798959~2 775798959 1
775798959 2174963078~775798959~3 1
2174963078~775798959~3 775798959 1
775798959 775798959~775798962~1 1
775798959~775798962~1 775798959 1
775798962 1790449047~775798962~2 1
1790449047~775798962~2 775798962 1
775798962 60972441~775798962~2 1
60972441~775798962~2 775798962 1
775798962 775798959~775798962~3 1
775798959~775798962~3 775798962 1
775798962 775798962~775798968~1 1
775798962~775798968~1 775798962 1
775798966 1889685111 1
1889685111 775798966 1
775798966 2063297107 1
2063297107 775798966 1
775798966 775798966~7866127019~1 1
775798966~7866127019~1 775798966 1
775798968 1889685103 1
1889685103 775798968 1
775798968 1796915570~775798968~3 1
1796915570~775798968~3 775798968 1
775798968 775798962~775798968~1 1
775798962~775798968~1 775798968 1
775799018 775799020 1
775799020 775799018 1
775799018 1360600829~775799018~1 1
1360600829~775799018~1 775799018 1
775799018 1365193885~775799018~5 1
1365193885~775799018~5 775799018 1
775799018 1792932163~775799018~1 1
1792932163~775799018~1 775799018 1
775799039 1784596487~775799039~2 1
1784596487~775799039~2 775799039 1
775799039 1784596490~775799039~4 1
1784596490~775799039~4 775799039 1
775799039 294072089~775799039~3 1
294072089~775799039~3 775799039 1
1256997973 1879107760 1
1879107760 1256997973 1
1256997973 1256997973~1347038428~1 1
1256997973~1347038428~1 1256997973 1
1257079045 1339601978 1
1339601978 1257079045 1
1257079045 1886748873 1
1886748873 1257079045 1
1257079045 2178260382 1
2178260382 1257079045 1
1257079047 1347038428 1
1347038428 1257079047 1
1257079047 1347038444 1
1347038444 1257079047 1
1257079051 1257079074 1
1257079074 1257079051 1
1257079051 2178260382 1
2178260382 1257079051 1
1257079051 1257079051~1780369944~1 1
1257079051~1780369944~1 1257079051 1
1257079058 1347038444 1
1347038444 1257079058 1
1257079058 1780369944 1
1780369944 1257079058 1
1257079062 1339601911 1
1339601911 1257079062 1
1257079062 1339601912 1
1339601912 1257079062 1
1257079062 1339601978 1
1339601978 1257079062 1
1257079062 1838590055 1
1838590055 1257079062 1
1257079064 1780369944 1
1780369944 1257079064 1
1257079074 1339601912 1
1339601912 1257079074 1
1257079074 1886748871 1
1886748871 1257079074 1
1257079074 1257079074~294071523~1 1
1257079074~294071523~1 1257079074 1
1257101525 1259478378 1
1259478378 1257101525 1
1257101525 1259478380 1
1259478380 1257101525 1
1257101525 1257101525~371508764~1 1
1257101525~371508764~1 1257101525 1
1257846800 1780373740 1
1780373740 1257846800 1
1257846805 1780373740 1
1780373740 1257846805 1
1258141917 1258141923 1
1258141923 1258141917 1
1258141917 2222882312 1
2222882312 1258141917 1
1258141919 1258141923 1
1258141923 1258141919 1
1258141919 1258141935 1
1258141935 1258141919 1
1258141919 2222882312 1
2222882312 1258141919 1
1258141923 1258141924 1
1258141924 1258141923 1
1258141924 1258141924~2222805096~1 1
1258141924~2222805096~1 1258141924 1
1258141931 1258141944 1
1258141944 1258141931 1
1258141931 1277200265 1
1277200265 1258141931 1
1258141931 1277200333 1
1277200333 1258141931 1
1258141935 1839883985 1
1839883985 1258141935 1
1258141939 1258141944 1
1258141944 1258141939 1
1258141939 1258141949 1
1258141949 1258141939 1
1258141939 2244989047 1
2244989047 1258141939 1
1258141944 3419426502 1
3419426502 1258141944 1
1258141949 1258141950 1
1258141950 1258141949 1
1258141949 2222882312 1
2222882312 1258141949 1
1258141950 1258141953 1
1258141953 1258141950 1
1258141950 2244989038 1
2244989038 1258141950 1
1258141953 1339601944 1
1339601944 1258141953 1
1258141953 1839883985 1
1839883985 1258141953 1
1258141953 2244988998 1
2244988998 1258141953 1
1259478352 1259478361 1
1259478361 1259478352 1
1259478352 1259478378 1
1259478378 1259478352 1
1259478355 1787376360 1
1787376360 1259478355 1
1259478355 1259478355~1259478434~1 1
1259478355~1259478434~1 1259478355 1
1259478361 1259478418 1
1259478418 1259478361 1
1259478361 1259478425 1
1259478425 1259478361 1
1259478378 1259478418 1
1259478418 1259478378 1
1259478380 1259478380~1259478381~1 1
1259478380~1259478381~1 1259478380 1
1259478380 1259478380~251544263~1 1
1259478380~251544263~1 1259478380 1
1259478381 1293865594 1
1293865594 1259478381 1
1259478381 1259478380~1259478381~1 1
1259478380~1259478381~1 1259478381 1
1259478381 1259478381~251544261~1 1
1259478381~251544261~1 1259478381 1
1259478418 1798091542 1
1798091542 1259478418 1
1259478431 1844083389 1
1844083389 1259478431 1
1259478431 1259478431~1787376360~1 1
1259478431~1787376360~1 1259478431 1
1259478434 1275867462 1
1275867462 1259478434 1
1259478434 1259478355~1259478434~1 1
1259478355~1259478434~1 1259478434 1
1259478434 1259478434~1275867463~1 1
1259478434~1275867463~1 1259478434 1
1265295270 1311819532 1
1311819532 1265295270 1
1265295270 1311819550 1
1311819550 1265295270 1
1266967898 1266970156 1
1266970156 1266967898 1
1266967898 1266967898~1266967900~1 1
1266967898~1266967900~1 1266967898 1
1266967900 1266967908 1
1266967908 1266967900 1
1266967900 1266967913 1
1266967913 1266967900 1
1266967900 1797969822 1
1797969822 1266967900 1
1266967900 1266967898~1266967900~1 1
1266967898~1266967900~1 1266967900 1
1266967908 1266967910 1
1266967910 1266967908 1
1266967908 1266967912 1
1266967912 1266967908 1
1266967909 1266967913 1
1266967913 1266967909 1
1266967910 1266967913 1
1266967913 1266967910 1
1266967910 1266967917 1
1266967917 1266967910 1
1266967912 1266967917 1
1266967917 1266967912 1
1266967912 1266967912~343309212~1 1
1266967912~343309212~1 1266967912 1
1266970148 1266970151 1
1266970151 1266970148 1
1266970148 1796884596 1
1796884596 1266970148 1
1266970151 1266970153 1
1266970153 1266970151 1
1266970151 1266970156 1
1266970156 1266970151 1
1266970153 1266970156 1
1266970156 1266970153 1
1266970153 1765751551 1
1765751551 1266970153 1
1275867458 1275867458~1275867462~1 1
1275867458~1275867462~1 1275867458 1
1275867462 1275867458~1275867462~2 1
1275867458~1275867462~2 1275867462 1
1275867463 1259478434~1275867463~1 1
1259478434~1275867463~1 1275867463 1
1277156693 1277156713 1
1277156713 1277156693 1
1277156693 1277156756 1
1277156756 1277156693 1
1277156693 1277156778 1
1277156778 1277156693 1
1277156713 1277156844 1
1277156844 1277156713 1
1277156713 1277156940 1
1277156940 1277156713 1
1277156720 1277156778 1
1277156778 1277156720 1
1277156735 1277156804 1
1277156804 1277156735 1
1277156735 2665940044 1
2665940044 1277156735 1
1277156735 3400510061 1
3400510061 1277156735 1
1277156746 1277156746~1277156778~1 1
1277156746~1277156778~1 1277156746 1
1277156756 1277156756~60965494~1 1
1277156756~60965494~1 1277156756 1
1277156778 1277156746~1277156778~1 1
1277156746~1277156778~1 1277156778 1
1277156779 1879142031 1
1879142031 1277156779 1
1277156779 2238635042 1
2238635042 1277156779 1
1277156781 1277156781~1277156849~1 1
1277156781~1277156849~1 1277156781 1
1277156781 1277156781~343308897~1 1
1277156781~343308897~1 1277156781 1
1277156781 1277156781~60965505~1 1
1277156781~60965505~1 1277156781 1
1277156804 1879142031 1
1879142031 1277156804 1
1277156844 1277156849 1
1277156849 1277156844 1
1277156844 1277156844~60965504~1 1
1277156844~60965504~1 1277156844 1
1277156849 1277156781~1277156849~1 1
1277156781~1277156849~1 1277156849 1
1277156849 1277156849~2231386977~1 1
1277156849~2231386977~1 1277156849 1
1277156872 2151608504 1
2151608504 1277156872 1
1277156872 1277156872~60965493~1 1
1277156872~60965493~1 1277156872 1
1277156872 1277156872~60965494~1 1
1277156872~60965494~1 1277156872 1
1277156937 1797969822 1
1797969822 1277156937 1
1277156937 1895921423 1
1895921423 1277156937 1
1277156938 1879152206 1
1879152206 1277156938 1
1277156938 1277156938~1277156957~1 1
1277156938~1277156957~1 1277156938 1
1277156957 1780398952 1
1780398952 1277156957 1
1277156957 8384244662 1
8384244662 1277156957 1
1277156957 1277156938~1277156957~1 1
1277156938~1277156957~1 1277156957 1
1277200265 1277200323 1
1277200323 1277200265 1
1277200265 2154279475 1
2154279475 1277200265 1
1277200321 1277200323 1
1277200323 1277200321 1
1277200323 1277200333 1
1277200333 1277200323 1
1283420424 1343290820 1
1343290820 1283420424 1
1283420424 1343290844 1
1343290844 1283420424 1
1283420424 1283420424~1343290809~1 1
1283420424~1343290809~1 1283420424 1
1283420426 1311819534 1
1311819534 1283420426 1
1283420426 1311819538 1
1311819538 1283420426 1
1283420426 1332580232 1
1332580232 1283420426 1
1283420427 1293865641 1
1293865641 1283420427 1
1283420427 1293865658 1
1293865658 1283420427 1
1283420427 1779183767 1
1779183767 1283420427 1
1283420427 1779183768 1
1779183768 1283420427 1
1283420438 1311822651 1
1311822651 1283420438 1
1283420441 1317844008 1
1317844008 1283420441 1
1293865579 1293865609 1
1293865609 1293865579 1
1293865579 1293865612 1
1293865612 1293865579 1
1293865579 1293865579~251544267~1 1
1293865579~251544267~1 1293865579 1
1293865581 1293865610 1
1293865610 1293865581 1
1293865581 1293865623 1
1293865623 1293865581 1
1293865581 1293865629 1
1293865629 1293865581 1
1293865581 1293865643 1
1293865643 1293865581 1
1293865585 1293865658 1
1293865658 1293865585 1
1293865585 1317844024 1
1317844024 1293865585 1
1293865585 1779183768 1
1779183768 1293865585 1
1293865594 1293865623 1
1293865623 1293865594 1
1293865594 1293865594~1293865627~1 1
1293865594~1293865627~1 1293865594 1
1293865595 1293865596 1
1293865596 1293865595 1
1293865595 1293865609 1
1293865609 1293865595 1
1293865595 1293865612 1
1293865612 1293865595 1
1293865596 1293865612 1
1293865612 1293865596 1
1293865596 1908087356 1
1908087356 1293865596 1
1293865598 1293865653 1
1293865653 1293865598 1
1293865609 1293865658 1
1293865658 1293865609 1
1293865610 1293865614 1
1293865614 1293865610 1
1293865610 1293865629 1
1293865629 1293865610 1
1293865614 1293865627 1
1293865627 1293865614 1
1293865614 1293865653 1
1293865653 1293865614 1
1293865627 1908087356 1
1908087356 1293865627 1
1293865627 3571821994 1
3571821994 1293865627 1
1293865627 1293865594~1293865627~1 1
1293865594~1293865627~1 1293865627 1
1293865629 1293865653 1
1293865653 1293865629 1
1293865641 1293865653 1
1293865653 1293865641 1
1311819517 1311819535 1
1311819535 1311819517 1
1311819527 1311819528 1
1311819528 1311819527 1
1311819527 1311819541 1
1311819541 1311819527 1
1311819527 1311819542 1
1311819542 1311819527 1
1311819529 1311819542 1
1311819542 1311819529 1
1311819529 1311822651 1
1311822651 1311819529 1
1311819529 1332580157 1
1332580157 1311819529 1
1311819532 1311819551 1
1311819551 1311819532 1
1311819533 1311819534 1
1311819534 1311819533 1
1311819533 1311819538 1
1311819538 1311819533 1
1311819533 1311819541 1
1311819541 1311819533 1
1311819534 1311819535 1
1311819535 1311819534 1
1311819535 1311819550 1
1311819550 1311819535 1
1311819537 1311819538 1
1311819538 1311819537 1
1311819537 1311819541 1
1311819541 1311819537 1
1311819537 1332580157 1
1332580157 1311819537 1
1311819542 1311822658 1
1311822658 1311819542 1
1311819547 1311819551 1
1311819551 1311819547 1
1311819550 1311819550~343308894~1 1
1311819550~343308894~1 1311819550 1
1311819551 1779183767 1
1779183767 1311819551 1
1311822651 1311822651~1311822658~1 1
1311822651~1311822658~1 1311822651 1
1311822658 1311822651~1311822658~1 1
1311822651~1311822658~1 1311822658 1
1317843993 1317844040 1
1317844040 1317843993 1
1317843993 1317844058 1
1317844058 1317843993 1
1317843993 1317844080 1
1317844080 1317843993 1
1317843993 1317844110 1
1317844110 1317843993 1
1317843998 1317844110 1
1317844110 1317843998 1
1317843998 1317844119 1
1317844119 1317843998 1
1317844004 1317844024 1
1317844024 1317844004 1
1317844004 1317844004~251544268~1 1
1317844004~251544268~1 1317844004 1
1317844006 1317844018 1
1317844018 1317844006 1
1317844008 1317844020 1
1317844020 1317844008 1
1317844014 1317844058 1
1317844058 1317844014 1
1317844014 1317844090 1
1317844090 1317844014 1
1317844014 1317844014~505199726~1 1
1317844014~505199726~1 1317844014 1
1317844016 1317844058 1
1317844058 1317844016 1
1317844016 1317844080 1
1317844080 1317844016 1
1317844016 1317844090 1
1317844090 1317844016 1
1317844016 1317844107 1
1317844107 1317844016 1
1317844018 10174305254 1
10174305254 1317844018 1
1317844018 1317844018~1317844101~1 1
1317844018~1317844101~1 1317844018 1
1317844020 1317844090 1
1317844090 1317844020 1
1317844020 1317844107 1
1317844107 1317844020 1
1317844040 1317844045 1
1317844045 1317844040 1
1317844040 1317844058 1
1317844058 1317844040 1
1317844045 1317844126 1
1317844126 1317844045 1
1317844045 1343285665 1
1343285665 1317844045 1
1317844080 1843987017 1
1843987017 1317844080 1
1317844101 1317844107 1
1317844107 1317844101 1
1317844101 1317844117 1
1317844117 1317844101 1
1317844101 1317844018~1317844101~1 1
1317844018~1317844101~1 1317844101 1
1317844107 10174305253 1
10174305253 1317844107 1
1317844108 1770339864 1
1770339864 1317844108 1
1317844108 1317844108~1770339836~1 1
1317844108~1770339836~1 1317844108 1
1317844111 2744376104 1
2744376104 1317844111 1
1317844111 1317844111~1317844117~1 1
1317844111~1317844117~1 1317844111 1
1317844111 1317844111~1317844119~1 1
1317844111~1317844119~1 1317844111 1
1317844117 1843987017 1
1843987017 1317844117 1
1317844117 1317844111~1317844117~1 1
1317844111~1317844117~1 1317844117 1
1317844119 1843987017 1
1843987017 1317844119 1
1317844119 1317844111~1317844119~1 1
1317844111~1317844119~1 1317844119 1
1317844122 1909836764 1
1909836764 1317844122 1
1317844122 4804216190 1
4804216190 1317844122 1
1317844122 1317844122~1332580152~1 1
1317844122~1332580152~1 1317844122 1
1328616931 1328616938 1
1328616938 1328616931 1
1328616931 1328616963 1
1328616963 1328616931 1
1328616931 1343285802 1
1343285802 1328616931 1
1328616938 1328616938~1328616971~1 1
1328616938~1328616971~1 1328616938 1
1328616948 1328616962 1
1328616962 1328616948 1
1328616948 1343285789 1
1343285789 1328616948 1
1328616952 1328616959 1
1328616959 1328616952 1
1328616952 1328616952~294070298~1 1
1328616952~294070298~1 1328616952 1
1328616954 1328616963 1
1328616963 1328616954 1
1328616954 1343285802 1
1343285802 1328616954 1
1328616957 1867165475 1
1867165475 1328616957 1
1328616957 2174930003 1
2174930003 1328616957 1
1328616957 1328616957~371505104~1 1
1328616957~371505104~1 1328616957 1
1328616959 1339601994 1
1339601994 1328616959 1
1328616959 1328616959~1339601977~1 1
1328616959~1339601977~1 1328616959 1
1328616962 1339601868 1
1339601868 1328616962 1
1328616962 1328616962~1339601994~1 1
1328616962~1339601994~1 1328616962 1
1328616963 1343285862 1
1343285862 1328616963 1
1328616971 1343285850 1
1343285850 1328616971 1
1328616971 1328616938~1328616971~2 1
1328616938~1328616971~2 1328616971 1
1328616971 1328616971~1343285625~1 1
1328616971~1343285625~1 1328616971 1
1332580139 1332580181 1
1332580181 1332580139 1
1332580139 1332580238 1
1332580238 1332580139 1
1332580139 1332580283 1
1332580283 1332580139 1
1332580152 1332580209 1
1332580209 1332580152 1
1332580152 1846891967 1
1846891967 1332580152 1
1332580152 1317844122~1332580152~1 1
1317844122~1332580152~1 1332580152 1
1332580155 1332580158 1
1332580158 1332580155 1
1332580155 1332580248 1
1332580248 1332580155 1
1332580155 1332580249 1
1332580249 1332580155 1
1332580155 1332580267 1
1332580267 1332580155 1
1332580157 1333666815 1
1333666815 1332580157 1
1332580158 1332580187 1
1332580187 1332580158 1
1332580158 1332580270 1
1332580270 1332580158 1
1332580161 1332580232 1
1332580232 1332580161 1
1332580161 2232022761 1
2232022761 1332580161 1
1332580175 1332580188 1
1332580188 1332580175 1
1332580175 1333666761 1
1333666761 1332580175 1
1332580175 1333666804 1
1333666804 1332580175 1
1332580181 1332580270 1
1332580270 1332580181 1
1332580181 1332580283 1
1332580283 1332580181 1
1332580184 1332580185 1
1332580185 1332580184 1
1332580184 1332580271 1
1332580271 1332580184 1
1332580184 1332580273 1
1332580273 1332580184 1
1332580185 1332580277 1
1332580277 1332580185 1
1332580185 1909836748 1
1909836748 1332580185 1
1332580187 1332580273 1
1332580273 1332580187 1
1332580187 1332580277 1
1332580277 1332580187 1
1332580188 1332580267 1
1332580267 1332580188 1
1332580188 1332580270 1
1332580270 1332580188 1
1332580189 1332580238 1
1332580238 1332580189 1
1332580189 1332580271 1
1332580271 1332580189 1
1332580189 1332580273 1
1332580273 1332580189 1
1332580209 1332580248 1
1332580248 1332580209 1
1332580209 1333666776 1
1333666776 1332580209 1
1332580232 1332580238 1
1332580238 1332580232 1
1332580232 1332580279 1
1332580279 1332580232 1
1332580248 1332580267 1
1332580267 1332580248 1
1332580248 1332580269 1
1332580269 1332580248 1
1332580249 1332580269 1
1332580269 1332580249 1
1332580271 1332580279 1
1332580279 1332580271 1
1332580279 1909836748 1
1909836748 1332580279 1
1332580283 1333666815 1
1333666815 1332580283 1
1333666749 1333666761 1
1333666761 1333666749 1
1333666749 1333666771 1
1333666771 1333666749 1
1333666749 1333666804 1
1333666804 1333666749 1
1333666749 1333666749~1333666758~1 1
1333666749~1333666758~1 1333666749 1
1333666755 1333666763 1
1333666763 1333666755 1
1333666758 1333666771 1
1333666771 1333666758 1
1333666758 1333666782 1
1333666782 1333666758 1
1333666758 1333666749~1333666758~1 1
1333666749~1333666758~1 1333666758 1
1333666761 1333666776 1
1333666776 1333666761 1
1333666763 1333666770 1
1333666770 1333666763 1
1333666763 2231798767 1
2231798767 1333666763 1
1333666766 1333666782 1
1333666782 1333666766 1
1333666766 1333666766~1333666808~1 1
1333666766~1333666808~1 1333666766 1
1333666771 1333666776 1
1333666776 1333666771 1
1333666771 1333666771~1333666801~1 1
1333666771~1333666801~1 1333666771 1
1333666782 1333666782~1333666801~1 1
1333666782~1333666801~1 1333666782 1
1333666790 1333666808 1
1333666808 1333666790 1
1333666790 1770339864 1
1770339864 1333666790 1
1333666801 1333666808 1
1333666808 1333666801 1
1333666801 1333666771~1333666801~1 1
1333666771~1333666801~1 1333666801 1
1333666801 1333666782~1333666801~1 1
1333666782~1333666801~1 1333666801 1
1333666804 1333666804~1333666815~1 1
1333666804~1333666815~1 1333666804 1
1333666808 1333666766~1333666808~1 1
1333666766~1333666808~1 1333666808 1
1333666815 1333666804~1333666815~1 1
1333666804~1333666815~1 1333666815 1
1339601851 1339601851~1339601994~1 1
1339601851~1339601994~1 1339601851 1
1339601856 1339601960 1
1339601960 1339601856 1
1339601856 1339601963 1
1339601963 1339601856 1
1339601868 1339601890 1
1339601890 1339601868 1
1339601868 1339601868~1339601873~1 1
1339601868~1339601873~1 1339601868 1
1339601873 1339601888 1
1339601888 1339601873 1
1339601873 1339601914 1
1339601914 1339601873 1
1339601873 1339601868~1339601873~1 1
1339601868~1339601873~1 1339601873 1
1339601888 1339601890 1
1339601890 1339601888 1
1339601888 1339601895 1
1339601895 1339601888 1
1339601890 1339601916 1
1339601916 1339601890 1
1339601895 1339601896 1
1339601896 1339601895 1
1339601895 1339601898 1
1339601898 1339601895 1
1339601898 1339601916 1
1339601916 1339601898 1
1339601898 1339601928 1
1339601928 1339601898 1
1339601911 1339601913 1
1339601913 1339601911 1
1339601911 1339601911~1838610905~1 1
1339601911~1838610905~1 1339601911 1
1339601913 1838628564 1
1838628564 1339601913 1
1339601914 1339601914~294070299~1 1
1339601914~294070299~1 1339601914 1
1339601914 1339601914~60972800~1 1
1339601914~60972800~1 1339601914 1
1339601916 1339601919 1
1339601919 1339601916 1
1339601931 1339601933 1
1339601933 1339601931 1
1339601931 1339601944 1
1339601944 1339601931 1
1339601931 2244988998 1
2244988998 1339601931 1
1339601931 3419426288 1
3419426288 1339601931 1
1339601933 1886748871 1
1886748871 1339601933 1
1339601937 1339601944 1
1339601944 1339601937 1
1339601937 1339601937~1839883985~1 1
1339601937~1839883985~1 1339601937 1
1339601948 1534219410 1
1534219410 1339601948 1
1339601948 8913318079 1
8913318079 1339601948 1
1339601948 1339601948~1339607443~1 1
1339601948~1339607443~1 1339601948 1
1339601960 1339607433 1
1339607433 1339601960 1
1339601963 1339601971 1
1339601971 1339601963 1
1339601977 1339601978 1
1339601978 1339601977 1
1339601977 1339601981 1
1339601981 1339601977 1
1339601977 1328616959~1339601977~7 1
1328616959~1339601977~7 1339601977 1
1339601994 1328616962~1339601994~2 1
1328616962~1339601994~2 1339601994 1
1339601994 1339601851~1339601994~1 1
1339601851~1339601994~1 1339601994 1
1339607433 2013568755 1
2013568755 1339607433 1
1339607433 8913234629 1
8913234629 1339607433 1
1339607436 1339607437 1
1339607437 1339607436 1
1339607436 1339607440 1
1339607440 1339607436 1
1339607436 1339607466 1
1339607466 1339607436 1
1339607437 1339607470 1
1339607470 1339607437 1
1339607437 1339607437~2152974493~1 1
1339607437~2152974493~1 1339607437 1
1339607438 1339607456 1
1339607456 1339607438 1
1339607438 1339607469 1
1339607469 1339607438 1
1339607438 2013568755 1
2013568755 1339607438 1
1339607440 1339607452 1
1339607452 1339607440 1
1339607440 1339607456 1
1339607456 1339607440 1
1339607443 1339601948~1339607443~1 1
1339601948~1339607443~1 1339607443 1
1339607444 1339607444~8913318079~1 1
1339607444~8913318079~1 1339607444 1
1339607452 1339607455 1
1339607455 1339607452 1
1339607452 2246492085 1
2246492085 1339607452 1
1339607456 2225287860 1
2225287860 1339607456 1
1339607466 1339607469 1
1339607469 1339607466 1
1339607466 1339607470 1
1339607470 1339607466 1
1339607469 1339607472 1
1339607472 1339607469 1
1339607470 1339607472 1
1339607472 1339607470 1
1339607478 1886748871 1
1886748871 1339607478 1
1343285625 1343285862 1
1343285862 1343285625 1
1343285625 1867165475 1
1867165475 1343285625 1
1343285625 1328616971~1343285625~1 1
1328616971~1343285625~1 1343285625 1
1343285626 1343285645 1
1343285645 1343285626 1
1343285635 1343285851 1
1343285851 1343285635 1
1343285635 1780483203 1
1780483203 1343285635 1
1343285635 1343285635~1343285836~1 1
1343285635~1343285836~1 1343285635 1
1343285638 1343285818 1
1343285818 1343285638 1
1343285638 1343285836 1
1343285836 1343285638 1
1343285638 9389423579 1
9389423579 1343285638 1
1343285665 1343285667 1
1343285667 1343285665 1
1343285667 1343285812 1
1343285812 1343285667 1
1343285676 1343285876 1
1343285876 1343285676 1
1343285758 1343285892 1
1343285892 1343285758 1
1343285758 1343285758~60972812~1 1
1343285758~60972812~1 1343285758 1
1343285771 1343285851 1
1343285851 1343285771 1
1343285771 1343285892 1
1343285892 1343285771 1
1343285789 1343285876 1
1343285876 1343285789 1
1343285806 1343285818 1
1343285818 1343285806 1
1343285806 1343285836 1
1343285836 1343285806 1
1343285806 1784444503 1
1784444503 1343285806 1
1343285812 1668098252 1
1668098252 1343285812 1
1343285812 1770339846 1
1770339846 1343285812 1
1343285818 8249821924 1
8249821924 1343285818 1
1343285818 1343285818~1343290818~1 1
1343285818~1343290818~1 1343285818 1
1343285831 1343285831~1343285850~1 1
1343285831~1343285850~1 1343285831 1
1343285836 1343285635~1343285836~1 1
1343285635~1343285836~1 1343285836 1
1343285845 1794279298 1
1794279298 1343285845 1
1343285845 3400611573 1
3400611573 1343285845 1
1343285850 1343285831~1343285850~1 1
1343285831~1343285850~1 1343285850 1
1343285850 1343285850~294072086~1 1
1343285850~294072086~1 1343285850 1
1343285858 1784444503 1
1784444503 1343285858 1
1343285858 1343285858~1902037332~1 1
1343285858~1902037332~1 1343285858 1
1343285862 1867165475 1
1867165475 1343285862 1
1343285874 1343285876 1
1343285876 1343285874 1
1343285874 1343285880 1
1343285880 1343285874 1
1343285874 1343285883 1
1343285883 1343285874 1
1343285892 1343285906 1
1343285906 1343285892 1
1343290803 1343290844 1
1343290844 1343290803 1
1343290803 2188603568 1
2188603568 1343290803 1
1343290803 1343290803~1343290814~1 1
1343290803~1343290814~1 1343290803 1
1343290809 1343290820 1
1343290820 1343290809 1
1343290809 8249821925 1
8249821925 1343290809 1
1343290809 1283420424~1343290809~1 1
1283420424~1343290809~1 1343290809 1
1343290814 1838654474 1
1838654474 1343290814 1
1343290814 1343290803~1343290814~4 1
1343290803~1343290814~4 1343290814 1
1343290814 1343290814~1343290840~1 1
1343290814~1343290840~1 1343290814 1
1343290818 1343290820 1
1343290820 1343290818 1
1343290818 1343285818~1343290818~1 1
1343285818~1343290818~1 1343290818 1
1343290821 1343290836 1
1343290836 1343290821 1
1343290821 8249821924 1
8249821924 1343290821 1
1343290836 1343290840 1
1343290840 1343290836 1
1343290836 8249821925 1
8249821925 1343290836 1
1343290840 1343290814~1343290840~4 1
1343290814~1343290840~4 1343290840 1
1343290844 1846891967 1
1846891967 1343290844 1
1347038404 1347038444 1
1347038444 1347038404 1
1347038407 1347038419 1
1347038419 1347038407 1
1347038419 1347038427 1
1347038427 1347038419 1
1347038419 1347038428 1
1347038428 1347038419 1
1347038428 1256997973~1347038428~4 1
1256997973~1347038428~4 1347038428 1
1360600829 1364933380 1
1364933380 1360600829 1
1360600829 1896243015 1
1896243015 1360600829 1
1360600829 1360600829~775799018~1 1
1360600829~775799018~1 1360600829 1
1364933380 2063297092 1
2063297092 1364933380 1
1364933380 1364933380~1889685111~1 1
1364933380~1889685111~1 1364933380 1
1365170501 1792939585 1
1792939585 1365170501 1
1365170501 1845045921 1
1845045921 1365170501 1
1365193842 1365193842~294070915~1 1
1365193842~294070915~1 1365193842 1
1365193858 1668103151 1
1668103151 1365193858 1
1365193858 1675164861 1
1675164861 1365193858 1
1365193874 1365193874~1365193885~1 1
1365193874~1365193885~1 1365193874 1
1365193874 1365193874~1675164861~1 1
1365193874~1675164861~1 1365193874 1
1365193874 1365193874~1793131298~1 1
1365193874~1793131298~1 1365193874 1
1365193885 1365193874~1365193885~1 1
1365193874~1365193885~1 1365193885 1
1365193885 1365193885~1365193899~1 1
1365193885~1365193899~1 1365193885 1
1365193885 1365193885~775799018~1 1
1365193885~775799018~1 1365193885 1
1365193899 1365193902 1
1365193902 1365193899 1
1365193899 1365193885~1365193899~1 1
1365193885~1365193899~1 1365193899 1
1365193899 1365193899~1804046812~1 1
1365193899~1804046812~1 1365193899 1
1365193902 2177246567 1
2177246567 1365193902 1
1365193902 2177246574 1
2177246574 1365193902 1
1365193908 2177246574 1
2177246574 1365193908 1
1365193908 1365193908~1365193915~1 1
1365193908~1365193915~1 1365193908 1
1365193908 1365193908~1804034756~1 1
1365193908~1804034756~1 1365193908 1
1365193915 1365193920 1
1365193920 1365193915 1
1365193915 2177246545 1
2177246545 1365193915 1
1365193915 1365193908~1365193915~1 1
1365193908~1365193915~1 1365193915 1
1365193920 1365193926 1
1365193926 1365193920 1
1365193920 2177290124 1
2177290124 1365193920 1
1365193926 2174963078 1
2174963078 1365193926 1
1365193926 1365193926~1365198214~1 1
1365193926~1365198214~1 1365193926 1
1365198214 1365193926~1365198214~5 1
1365193926~1365198214~5 1365198214 1
1473488160 1473488160~1473488171~1 1
1473488160~1473488171~1 1473488160 1
1473488160 1473488160~1777583701~1 1
1473488160~1777583701~1 1473488160 1
1473488160 1473488160~1838612440~1 1
1473488160~1838612440~1 1473488160 1
1473488171 1473488160~1473488171~3 1
1473488160~1473488171~3 1473488171 1
1534219407 1534219410 1
1534219410 1534219407 1
1534219410 1837581896 1
1837581896 1534219410 1
1605168168 1778714179 1
1778714179 1605168168 1
1605168168 1605168168~1777583701~1 1
1605168168~1777583701~1 1605168168 1
1605168168 1605168168~1777629796~1 1
1605168168~1777629796~1 1605168168 1
1605168168 1605168168~1780648906~1 1
1605168168~1780648906~1 1605168168 1
1605168230 1898081647 1
1898081647 1605168230 1
1605168230 1605168230~1605168240~1 1
1605168230~1605168240~1 1605168230 1
1605168230 1605168230~1777583701~1 1
1605168230~1777583701~1 1605168230 1
1605168230 1605168230~1779134062~1 1
1605168230~1779134062~1 1605168230 1
1605168240 1778697261 1
1778697261 1605168240 1
1605168240 1605168230~1605168240~1 1
1605168230~1605168240~1 1605168240 1
1605168240 1605168240~2115618574~1 1
1605168240~2115618574~1 1605168240 1
1605168240 1605168240~60965452~1 1
1605168240~60965452~1 1605168240 1
1605177709 1605177725 1
1605177725 1605177709 1
1605177725 1778697261 1
1778697261 1605177725 1
1605177725 1898081647 1
1898081647 1605177725 1
1668098252 1668099880 1
1668099880 1668098252 1
1668099880 1668099882 1
1668099882 1668099880 1
1668099880 1668099883 1
1668099883 1668099880 1
1668099882 1668111124 1
1668111124 1668099882 1
1668099882 2177067031 1
2177067031 1668099882 1
1668099883 1785930288 1
1785930288 1668099883 1
1668099883 1900091803 1
1900091803 1668099883 1
1668103151 1804062269 1
1804062269 1668103151 1
1668103153 1668130053 1
1668130053 1668103153 1
1668103153 1675164863 1
1675164863 1668103153 1
1668103153 1804062269 1
1804062269 1668103153 1
1668130053 1785930288 1
1785930288 1668130053 1
1668130053 2177067032 1
2177067032 1668130053 1
1675164861 1675164863 1
1675164863 1675164861 1
1675164861 1365193874~1675164861~2 1
1365193874~1675164861~2 1675164861 1
1675164863 1675164863~775713999~1 1
1675164863~775713999~1 1675164863 1
1762612162 1762612166 1
1762612166 1762612162 1
1762612162 1762612167 1
1762612167 1762612162 1
1762612166 1770357506 1
1770357506 1762612166 1
1762612166 1762612166~1770373629~1 1
1762612166~1770373629~1 1762612166 1
1762612167 1762612168 1
1762612168 1762612167 1
1762612168 1770339853 1
1770339853 1762612168 1
1762612168 1770357641 1
1770357641 1762612168 1
1762612169 1770339814 1
1770339814 1762612169 1
1762612169 1770373577 1
1770373577 1762612169 1
1762612169 1762612169~60972221~1 1
1762612169~60972221~1 1762612169 1
1765751551 1788571610 1
1788571610 1765751551 1
1765751551 1796884596 1
1796884596 1765751551 1
1765751551 1796884597 1
1796884597 1765751551 1
1770339814 1770339868 1
1770339868 1770339814 1
1770339814 1770339814~1814671025~1 1
1770339814~1814671025~1 1770339814 1
1770339815 1770339860 1
1770339860 1770339815 1
1770339815 1814665134 1
1814665134 1770339815 1
1770339815 1770339815~1781675854~1 1
1770339815~1781675854~1 1770339815 1
1770339818 1770339860 1
1770339860 1770339818 1
1770339818 1770357505 1
1770357505 1770339818 1
1770339818 1770339818~1814665118~1 1
1770339818~1814665118~1 1770339818 1
1770339825 1770357506 1
1770357506 1770339825 1
1770339826 1770339868 1
1770339868 1770339826 1
1770339827 1770339859 1
1770339859 1770339827 1
1770339831 1770339855 1
1770339855 1770339831 1
1770339831 1770339856 1
1770339856 1770339831 1
1770339831 1770357645 1
1770357645 1770339831 1
1770339833 1770339865 1
1770339865 1770339833 1
1770339833 1814651916 1
1814651916 1770339833 1
1770339833 1814651932 1
1814651932 1770339833 1
1770339836 1317844108~1770339836~1 1
1317844108~1770339836~1 1770339836 1
1770339846 1770339846~1770339874~1 1
1770339846~1770339874~1 1770339846 1
1770339853 1770339853~1770357505~1 1
1770339853~1770357505~1 1770339853 1
1770339853 1770339853~1770357517~1 1
1770339853~1770357517~1 1770339853 1
1770339855 1770339862 1
1770339862 1770339855 1
1770339855 1770357573 1
1770357573 1770339855 1
1770339856 1770339859 1
1770339859 1770339856 1
1770339856 1900114871 1
1900114871 1770339856 1
1770339857 1770339857~1770357573~1 1
1770339857~1770357573~1 1770339857 1
1770339859 1770339868 1
1770339868 1770339859 1
1770339860 1770339874 1
1770339874 1770339860 1
1770339862 1770357641 1
1770357641 1770339862 1
1770339862 1770357645 1
1770357645 1770339862 1
1770339864 1770339864~1784531244~1 1
1770339864~1784531244~1 1770339864 1
1770339865 1793126765 1
1793126765 1770339865 1
1770339874 1770357574 1
1770357574 1770339874 1
1770339874 1770357634 1
1770357634 1770339874 1
1770339874 1770339846~1770339874~2 1
1770339846~1770339874~2 1770339874 1
1770339876 1770357645 1
1770357645 1770339876 1
1770357497 1770357505 1
1770357505 1770357497 1
1770357497 1770357634 1
1770357634 1770357497 1
1770357497 1770357497~1770357578~1 1
1770357497~1770357578~1 1770357497 1
1770357505 1770339853~1770357505~1 1
1770339853~1770357505~1 1770357505 1
1770357511 1770357511~1770357574~1 1
1770357511~1770357574~1 1770357511 1
1770357517 1770357573 1
1770357573 1770357517 1
1770357517 1770357641 1
1770357641 1770357517 1
1770357517 1770339853~1770357517~1 1
1770339853~1770357517~1 1770357517 1
1770357573 1770339857~1770357573~1 1
1770339857~1770357573~1 1770357573 1
1770357574 1770357511~1770357574~1 1
1770357511~1770357574~1 1770357574 1
1770357576 1770357580 1
1770357580 1770357576 1
1770357578 1770357497~1770357578~1 1
1770357497~1770357578~1 1770357578 1
1770357580 1770373629 1
1770373629 1770357580 1
1770357580 1770357580~1814665118~1 1
1770357580~1814665118~1 1770357580 1
1770357634 2503290174 1
2503290174 1770357634 1
1770373542 1770373591 1
1770373591 1770373542 1
1770373542 1770373633 1
1770373633 1770373542 1
1770373542 1776983264 1
1776983264 1770373542 1
1770373545 1770373654 1
1770373654 1770373545 1
1770373545 1770373545~775727328~1 1
1770373545~775727328~1 1770373545 1
1770373549 1770373555 1
1770373555 1770373549 1
1770373549 1770373596 1
1770373596 1770373549 1
1770373549 1879115569 1
1879115569 1770373549 1
1770373551 1879115569 1
1879115569 1770373551 1
1770373577 7050469206 1
7050469206 1770373577 1
1770373577 1770373577~1770373591~1 1
1770373577~1770373591~1 1770373577 1
1770373591 1770373577~1770373591~1 1
1770373577~1770373591~1 1770373591 1
1770373591 1770373591~1770373654~1 1
1770373591~1770373654~1 1770373591 1
1770373596 1770373633 1
1770373633 1770373596 1
1770373596 2210025624 1
2210025624 1770373596 1
1770373629 1762612166~1770373629~1 1
1762612166~1770373629~1 1770373629 1
1770373629 1770373629~2203364819~1 1
1770373629~2203364819~1 1770373629 1
1770373633 1770373633~1776983264~1 1
1770373633~1776983264~1 1770373633 1
1770373654 1770373591~1770373654~2 1
1770373591~1770373654~2 1770373654 1
1770373654 1770373654~1787122421~1 1
1770373654~1787122421~1 1770373654 1
1776038350 1785898066 1
1785898066 1776038350 1
1776038350 1879273618 1
1879273618 1776038350 1
1776038359 1822690504 1
1822690504 1776038359 1
1776038359 2203405386 1
2203405386 1776038359 1
1776038359 1776038359~1785898066~1 1
1776038359~1785898066~1 1776038359 1
1776038359 1776038359~1793037269~1 1
1776038359~1793037269~1 1776038359 1
1776038399 2203412451 1
2203412451 1776038399 1
1776038399 1776038399~1776983264~1 1
1776038399~1776983264~1 1776038399 1
1776983264 1770373633~1776983264~1 1
1770373633~1776983264~1 1776983264 1
1776983264 1776038399~1776983264~7 1
1776038399~1776983264~7 1776983264 1
1777583690 1963675296 1
1963675296 1777583690 1
1777583690 1777583690~1780648906~1 1
1777583690~1780648906~1 1777583690 1
1777583690 1777583690~60965452~1 1
1777583690~60965452~1 1777583690 1
1777583701 1473488160~1777583701~3 1
1473488160~1777583701~3 1777583701 1
1777583701 1605168168~1777583701~1 1
1605168168~1777583701~1 1777583701 1
1777583701 1605168230~1777583701~1 1
1605168230~1777583701~1 1777583701 1
1777583701 1777583701~8464784443~1 1
1777583701~8464784443~1 1777583701 1
1777610494 1777610496 1
1777610496 1777610494 1
1777610494 1963702703 1
1963702703 1777610494 1
1777610494 1777610494~2152974493~1 1
1777610494~2152974493~1 1777610494 1
1777610496 1780598894 1
1780598894 1777610496 1
1777610496 1780600509 1
1780600509 1777610496 1
1777617097 3401916666 1
3401916666 1777617097 1
1777617097 1777617097~1778441200~1 1
1777617097~1778441200~1 1777617097 1
1777629788 1777629796 1
1777629796 1777629788 1
1777629788 1777630920 1
1777630920 1777629788 1
1777629788 2110397605 1
2110397605 1777629788 1
1777629796 3401916670 1
3401916670 1777629796 1
1777629796 1605168168~1777629796~3 1
1605168168~1777629796~3 1777629796 1
1777963063 1777967793 1
1777967793 1777963063 1
1777963063 1778257295 1
1778257295 1777963063 1
1777967793 1777967793~60972466~1 1
1777967793~60972466~1 1777967793 1
1778010160 1778010160~2217381664~1 1
1778010160~2217381664~1 1778010160 1
1778010160 1778010160~2217385571~1 1
1778010160~2217385571~1 1778010160 1
1778257295 8464784443 1
8464784443 1778257295 1
1778257295 1778257295~1778257298~1 1
1778257295~1778257298~1 1778257295 1
1778257298 1778257295~1778257298~1 1
1778257295~1778257298~1 1778257298 1
1778265473 1780598894 1
1780598894 1778265473 1
1778265473 3401916666 1
3401916666 1778265473 1
1778265473 3401916669 1
3401916669 1778265473 1
1778276534 3401916669 1
3401916669 1778276534 1
1778289094 1778289094~60965465~1 1
1778289094~60965465~1 1778289094 1
1778383306 1778383306~3401916665~1 1
1778383306~3401916665~1 1778383306 1
1778394316 1778395224 1
1778395224 1778394316 1
1778395224 1778395226 1
1778395226 1778395224 1
1778395224 2110402675 1
2110402675 1778395224 1
1778411689 1778411689~60965468~1 1
1778411689~60965468~1 1778411689 1
1778419970 2110402675 1
2110402675 1778419970 1
1778419970 1778419970~2152974493~1 1
1778419970~2152974493~1 1778419970 1
1778419970 1778419970~3401916665~1 1
1778419970~3401916665~1 1778419970 1
1778441200 1777617097~1778441200~1 1
1777617097~1778441200~1 1778441200 1
1778441200 1778441200~1963622057~1 1
1778441200~1963622057~1 1778441200 1
1778468394 1778468394~1778510811~1 1
1778468394~1778510811~1 1778468394 1
1778468394 1778468394~1778534278~1 1
1778468394~1778534278~1 1778468394 1
1778468394 1778468394~60965452~1 1
1778468394~60965452~1 1778468394 1
1778510811 1778468394~1778510811~1 1
1778468394~1778510811~1 1778510811 1
1778534278 1778468394~1778534278~4 1
1778468394~1778534278~4 1778534278 1
1778697261 1778697261~1778697265~1 1
1778697261~1778697265~1 1778697261 1
1778697265 1778697261~1778697265~1 1
1778697261~1778697265~1 1778697265 1
1778714179 1778714181 1
1778714181 1778714179 1
1778714179 2115618574 1
2115618574 1778714179 1
1779134062 1605168230~1779134062~6 1
1605168230~1779134062~6 1779134062 1
1779183767 1779183768 1
1779183768 1779183767 1
1779221374 1792094848 1
1792094848 1779221374 1
1779571176 1792094848 1
1792094848 1779571176 1
1779571176 1792101193 1
1792101193 1779571176 1
1779917843 1779917873 1
1779917873 1779917843 1
1779917843 1779917876 1
1779917876 1779917843 1
1779917843 1792081966 1
1792081966 1779917843 1
1779917873 1779917876 1
1779917876 1779917873 1
1779917873 1779926106 1
1779926106 1779917873 1
1779917876 12626494~1779917876~2 1
12626494~1779917876~2 1779917876 1
1779926106 1779926109 1
1779926109 1779926106 1
1779926106 12626625~1779926106~2 1
12626625~1779926106~2 1779926106 1
1779926109 1779926109~1780473285~1 1
1779926109~1780473285~1 1779926109 1
1780005655 1780005656 1
1780005656 1780005655 1
1780369944 1257079051~1780369944~1 1
1257079051~1780369944~1 1780369944 1
1780373740 1780373740~2222805096~1 1
1780373740~2222805096~1 1780373740 1
1780398952 1895926030 1
1895926030 1780398952 1
1780473285 1780483203 1
1780483203 1780473285 1
1780473285 1779926109~1780473285~1 1
1779926109~1780473285~1 1780473285 1
1780598894 1780598895 1
1780598895 1780598894 1
1780616811 1780616811~3401916670~1 1
1780616811~3401916670~1 1780616811 1
1780648906 1780649006 1
1780649006 1780648906 1
1780648906 1605168168~1780648906~2 1
1605168168~1780648906~2 1780648906 1
1780648906 1777583690~1780648906~3 1
1777583690~1780648906~3 1780648906 1
1780865344 1780865344~60965504~1 1
1780865344~60965504~1 1780865344 1
1781655631 1781655631~60972402~1 1
1781655631~60972402~1 1781655631 1
1781655631 1781655631~60972405~1 1
1781655631~60972405~1 1781655631 1
1781666951 1781666951~1894548545~1 1
1781666951~1894548545~1 1781666951 1
1781675854 1814665118 1
1814665118 1781675854 1
1781675854 1770339815~1781675854~1 1
1770339815~1781675854~1 1781675854 1
1781723285 1781723285~775798959~1 1
1781723285~775798959~1 1781723285 1
1781725547 4610480263 1
4610480263 1781725547 1
1781725547 1781725547~60972804~1 1
1781725547~60972804~1 1781725547 1
1781837935 1781837935~1781837961~1 1
1781837935~1781837961~1 1781837935 1
1781837961 1788331087 1
1788331087 1781837961 1
1781837961 1781837935~1781837961~1 1
1781837935~1781837961~1 1781837961 1
1781918613 1838612440 1
1838612440 1781918613 1
1781918613 3401944545 1
3401944545 1781918613 1
1784531244 1770339864~1784531244~1 1
1770339864~1784531244~1 1784531244 1
1784591056 1784591056~1784596487~1 1
1784591056~1784596487~1 1784591056 1
1784591056 1784591056~775718985~1 1
1784591056~775718985~1 1784591056 1
1784596487 1784591056~1784596487~3 1
1784591056~1784596487~3 1784596487 1
1784596487 1784596487~1784596490~1 1
1784596487~1784596490~1 1784596487 1
1784596487 1784596487~775799039~1 1
1784596487~775799039~1 1784596487 1
1784596490 1784596487~1784596490~1 1
1784596487~1784596490~1 1784596490 1
1784596490 1784596490~775799039~1 1
1784596490~775799039~1 1784596490 1
1784604893 1899881540 1
1899881540 1784604893 1
1785898066 1776038359~1785898066~1 1
1776038359~1785898066~1 1785898066 1
1785898066 1785898066~2203426590~1 1
1785898066~2203426590~1 1785898066 1
1785898069 1822690504 1
1822690504 1785898069 1
1785898069 1822690509 1
1822690509 1785898069 1
1785898069 1785898069~1879273618~1 1
1785898069~1879273618~1 1785898069 1
1785930288 2177067031 1
2177067031 1785930288 1
1787064950 1787064951 1
1787064951 1787064950 1
1787064950 1787064954 1
1787064954 1787064950 1
1787064950 1787064950~2217385571~1 1
1787064950~2217385571~1 1787064950 1
1787064951 1787064951~1787064954~1 1
1787064951~1787064954~1 1787064951 1
1787064952 1787064954 1
1787064954 1787064952 1
1787064954 1787064951~1787064954~1 1
1787064951~1787064954~1 1787064954 1
1787115829 1787115829~775727293~1 1
1787115829~775727293~1 1787115829 1
1787122421 1770373654~1787122421~7 1
1770373654~1787122421~7 1787122421 1
1787376360 1259478431~1787376360~1 1
1259478431~1787376360~1 1787376360 1
1788331068 1797049793 1
1797049793 1788331068 1
1788331068 1837559185 1
1837559185 1788331068 1
1788331068 1838607451 1
1838607451 1788331068 1
1788331087 1788331089 1
1788331089 1788331087 1
1788331089 1788350150 1
1788350150 1788331089 1
1788350142 1788350143 1
1788350143 1788350142 1
1788350142 1788350148 1
1788350148 1788350142 1
1788350143 1788350150 1
1788350150 1788350143 1
1788350148 1788350150 1
1788350150 1788350148 1
1788571610 1796884597 1
1796884597 1788571610 1
1788571610 1788571610~775719180~1 1
1788571610~775719180~1 1788571610 1
1788867150 1837559193 1
1837559193 1788867150 1
1788867150 1788867150~1788867153~1 1
1788867150~1788867153~1 1788867150 1
1788867153 1837546006 1
1837546006 1788867153 1
1788867153 1788867150~1788867153~2 1
1788867150~1788867153~2 1788867153 1
1790449047 1790449047~775798962~1 1
1790449047~775798962~1 1790449047 1
1792932163 1792932163~775799018~1 1
1792932163~775799018~1 1792932163 1
1792932171 1845057109 1
1845057109 1792932171 1
1792932171 7866127019 1
7866127019 1792932171 1
1792932171 1792932171~775718978~1 1
1792932171~775718978~1 1792932171 1
1792939584 2470281143 1
2470281143 1792939584 1
1793037263 1793037263~1793037269~1 1
1793037263~1793037269~1 1793037263 1
1793037269 1834582450 1
1834582450 1793037269 1
1793037269 1776038359~1793037269~3 1
1776038359~1793037269~3 1793037269 1
1793037269 1793037263~1793037269~1 1
1793037263~1793037269~1 1793037269 1
1793126765 1864016552 1
1864016552 1793126765 1
1793126765 1909836764 1
1909836764 1793126765 1
1793131298 1365193874~1793131298~1 1
1365193874~1793131298~1 1793131298 1
1794279298 3400611573 1
3400611573 1794279298 1
1794279298 1794279298~1822683934~1 1
1794279298~1822683934~1 1794279298 1
1796884597 1796884597~341914691~1 1
1796884597~341914691~1 1796884597 1
1796915570 1796915570~2174963078~1 1
1796915570~2174963078~1 1796915570 1
1796915570 1796915570~775798968~1 1
1796915570~775798968~1 1796915570 1
1797049797 1797049797~1797049799~1 1
1797049797~1797049799~1 1797049797 1
1797049799 1797049797~1797049799~1 1
1797049797~1797049799~1 1797049799 1
1797049799 1797049799~1838590055~1 1
1797049799~1838590055~1 1797049799 1
1797063203 1797063203~294072089~1 1
1797063203~294072089~1 1797063203 1
1797969822 1797969822~6188749847~1 1
1797969822~6188749847~1 1797969822 1
1798091542 1798091542~1798091550~1 1
1798091542~1798091550~1 1798091542 1
1798091550 2161134806 1
2161134806 1798091550 1
1798091550 1798091542~1798091550~1 1
1798091542~1798091550~1 1798091550 1
1804034756 1365193908~1804034756~6 1
1365193908~1804034756~6 1804034756 1
1804046812 1889903488 1
1889903488 1804046812 1
1804046812 1365193899~1804046812~3 1
1365193899~1804046812~3 1804046812 1
1804046812 1804046812~1889915374~1 1
1804046812~1889915374~1 1804046812 1
1804062269 2177067032 1
2177067032 1804062269 1
1814651928 1814651932 1
1814651932 1814651928 1
1814651932 1854089207 1
1854089207 1814651932 1
1814665118 1770339818~1814665118~3 1
1770339818~1814665118~3 1814665118 1
1814665118 1770357580~1814665118~1 1
1770357580~1814665118~1 1814665118 1
1814665122 1814665134 1
1814665134 1814665122 1
1814665134 1864017547 1
1864017547 1814665134 1
1814671025 1770339814~1814671025~2 1
1770339814~1814671025~2 1814671025 1
1822683934 2242514516 1
2242514516 1822683934 1
1822683934 1794279298~1822683934~4 1
1794279298~1822683934~4 1822683934 1
1822683935 12625081~1822683935~6 1
12625081~1822683935~6 1822683935 1
1822683935 1822683935~1822698385~1 1
1822683935~1822698385~1 1822683935 1
1822690504 1822690504~1822690509~1 1
1822690504~1822690509~1 1822690504 1
1822690509 1822690504~1822690509~1 1
1822690504~1822690509~1 1822690509 1
1822698385 1879273618 1
1879273618 1822698385 1
1822698385 1822683935~1822698385~3 1
1822683935~1822698385~3 1822698385 1
1822698386 12625107~1822698386~10 1
12625107~1822698386~10 1822698386 1
1822698386 1822698386~1822982587~1 1
1822698386~1822982587~1 1822698386 1
1822707497 1822707498 1
1822707498 1822707497 1
1822707497 1822707497~775727293~1 1
1822707497~775727293~1 1822707497 1
1822707498 12625119~1822707498~4 1
12625119~1822707498~4 1822707498 1
1822707498 1822707498~775727292~1 1
1822707498~775727292~1 1822707498 1
1822982587 1822698386~1822982587~7 1
1822698386~1822982587~7 1822982587 1
1834582441 1834582441~1834582450~1 1
1834582441~1834582450~1 1834582441 1
1834582450 1894548542 1
1894548542 1834582450 1
1834582450 1834582441~1834582450~3 1
1834582441~1834582450~3 1834582450 1
1837543942 1837543944 1
1837543944 1837543942 1
1837543942 1837543957 1
1837543957 1837543942 1
1837543942 1837543958 1
1837543958 1837543942 1
1837543944 1837543954 1
1837543954 1837543944 1
1837543944 1886727421 1
1886727421 1837543944 1
1837543945 1837543947 1
1837543947 1837543945 1
1837543945 1886727415 1
1886727415 1837543945 1
1837543945 1886727437 1
1886727437 1837543945 1
1837543947 1886727417 1
1886727417 1837543947 1
1837543947 1886727432 1
1886727432 1837543947 1
1837543948 1886727417 1
1886727417 1837543948 1
1837543948 1886727427 1
1886727427 1837543948 1
1837543948 1886727434 1
1886727434 1837543948 1
1837543959 1838607451 1
1838607451 1837543959 1
1837543959 1886727437 1
1886727437 1837543959 1
1837543959 1837543959~1886722451~1 1
1837543959~1886722451~1 1837543959 1
1837546005 1837546006 1
1837546006 1837546005 1
1837546005 3080820392 1
3080820392 1837546005 1
1837546005 3080820397 1
3080820397 1837546005 1
1837546006 1837546006~60972493~1 1
1837546006~60972493~1 1837546006 1
1837559157 1837559172 1
1837559172 1837559157 1
1837559157 1837559178 1
1837559178 1837559157 1
1837559161 1837559168 1
1837559168 1837559161 1
1837559161 1837559178 1
1837559178 1837559161 1
1837559161 1886748893 1
1886748893 1837559161 1
1837559168 1837559185 1
1837559185 1837559168 1
1837559172 1837576077 1
1837576077 1837559172 1
1837559172 1838610905 1
1838610905 1837559172 1
1837559193 1838610905 1
1838610905 1837559193 1
1837559193 1837559193~1838590055~1 1
1837559193~1838590055~1 1837559193 1
1837576047 1837576081 1
1837576081 1837576047 1
1837576047 3401944543 1
3401944543 1837576047 1
1837576047 10897729131 1
10897729131 1837576047 1
1837576053 1837576105 1
1837576105 1837576053 1
1837576053 1837576053~1837576081~1 1
1837576053~1837576081~1 1837576053 1
1837576053 1837576053~1837576116~1 1
1837576053~1837576116~1 1837576053 1
1837576058 1837576077 1
1837576077 1837576058 1
1837576058 1837576116 1
1837576116 1837576058 1
1837576058 3401944543 1
3401944543 1837576058 1
1837576081 1837576105 1
1837576105 1837576081 1
1837576081 1837576053~1837576081~1 1
1837576053~1837576081~1 1837576081 1
1837576105 1837576116 1
1837576116 1837576105 1
1837576116 1837576053~1837576116~1 1
1837576053~1837576116~1 1837576116 1
1837581896 3401944545 1
3401944545 1837581896 1
1838590055 1797049799~1838590055~1 1
1797049799~1838590055~1 1838590055 1
1838590055 1837559193~1838590055~1 1
1837559193~1838590055~1 1838590055 1
1838607451 1838607455 1
1838607455 1838607451 1
1838610905 1339601911~1838610905~1 1
1339601911~1838610905~1 1838610905 1
1838612440 1473488160~1838612440~9 1
1473488160~1838612440~9 1838612440 1
1838628564 10897729131 1
10897729131 1838628564 1
1838653817 1838653823 1
1838653823 1838653817 1
1838653817 1839874106 1
1839874106 1838653817 1
1838653820 1838653824 1
1838653824 1838653820 1
1838653820 1838653825 1
1838653825 1838653820 1
1838653820 1838653820~60972220~1 1
1838653820~60972220~1 1838653820 1
1838653823 1838653824 1
1838653824 1838653823 1
1839874106 1894548530 1
1894548530 1839874106 1
1839874106 1909850146 1
1909850146 1839874106 1
1839874108 1894548625 1
1894548625 1839874108 1
1839883985 2222882312 1
2222882312 1839883985 1
1839883985 1339601937~1839883985~1 1
1339601937~1839883985~1 1839883985 1
1839895126 1889685156 1
1889685156 1839895126 1
1845044220 1845044221 1
1845044221 1845044220 1
1845044220 1845045921 1
1845045921 1845044220 1
1845044221 1845044222 1
1845044222 1845044221 1
1845044222 1845045919 1
1845045919 1845044222 1
1845045919 1845045921 1
1845045921 1845045919 1
1845045919 1845045922 1
1845045922 1845045919 1
1845057109 8443725094 1
8443725094 1845057109 1
1846891967 1846891967~1846891970~1 1
1846891967~1846891970~1 1846891967 1
1846891970 1864016552 1
1864016552 1846891970 1
1846891970 2188603568 1
2188603568 1846891970 1
1846891970 1846891967~1846891970~1 1
1846891967~1846891970~1 1846891970 1
1859958178 1859958181 1
1859958181 1859958178 1
1879060522 7866126986 1
7866126986 1879060522 1
1879060522 1879060522~1963627083~1 1
1879060522~1963627083~1 1879060522 1
1879107760 1899913708 1
1899913708 1879107760 1
1879107760 1879107760~294070719~1 1
1879107760~294070719~1 1879107760 1
1879142031 1879152206 1
1879152206 1879142031 1
1879273618 1785898069~1879273618~1 1
1785898069~1879273618~1 1879273618 1
1886722451 1886722454 1
1886722454 1886722451 1
1886722451 1837543959~1886722451~1 1
1837543959~1886722451~1 1886722451 1
1886727417 1886727429 1
1886727429 1886727417 1
1886727420 1886727421 1
1886727421 1886727420 1
1886727421 1886727434 1
1886727434 1886727421 1
1886727422 1886727434 1
1886727434 1886727422 1
1886727430 1886727437 1
1886727437 1886727430 1
1886748893 1886748912 1
1886748912 1886748893 1
1889685103 1889685134 1
1889685134 1889685103 1
1889685103 1889685103~1889685111~1 1
1889685103~1889685111~1 1889685103 1
1889685111 1364933380~1889685111~1 1
1364933380~1889685111~1 1889685111 1
1889685111 1889685103~1889685111~1 1
1889685103~1889685111~1 1889685111 1
1889685136 1889685156 1
1889685156 1889685136 1
1889685156 1889685156~775718978~1 1
1889685156~775718978~1 1889685156 1
1889903397 1889903399 1
1889903399 1889903397 1
1889903397 1889903397~1889903488~1 1
1889903397~1889903488~1 1889903397 1
1889903409 1889903414 1
1889903414 1889903409 1
1889903414 1889903474 1
1889903474 1889903414 1
1889903414 1889903488 1
1889903488 1889903414 1
1889903488 1889903397~1889903488~1 1
1889903397~1889903488~1 1889903488 1
1889915374 1889915388 1
1889915388 1889915374 1
1889915374 1804046812~1889915374~1 1
1804046812~1889915374~1 1889915374 1
1889930117 1889930152 1
1889930152 1889930117 1
1889930117 2177246545 1
2177246545 1889930117 1
1889930117 2177290138 1
2177290138 1889930117 1
1894548530 1894548625 1
1894548625 1894548530 1
1894548530 1894548644 1
1894548644 1894548530 1
1894548542 1894548547 1
1894548547 1894548542 1
1894548545 1781666951~1894548545~12 1
1781666951~1894548545~12 1894548545 1
1894548545 1894548545~1894548638~1 1
1894548545~1894548638~1 1894548545 1
1894548545 1894548545~1900091803~1 1
1894548545~1900091803~1 1894548545 1
1894548553 1894548625 1
1894548625 1894548553 1
1894548638 1894548545~1894548638~1 1
1894548545~1894548638~1 1894548638 1
1895921423 2588960376 1
2588960376 1895921423 1
1896243015 1896243030 1
1896243030 1896243015 1
1898081647 2115556519 1
2115556519 1898081647 1
1899881540 1899881562 1
1899881562 1899881540 1
1900091803 1894548545~1900091803~2 1
1894548545~1900091803~2 1900091803 1
1900091803 1900091803~775713999~1 1
1900091803~775713999~1 1900091803 1
1902037332 8454019574 1
8454019574 1902037332 1
1902037332 1343285858~1902037332~1 1
1343285858~1902037332~1 1902037332 1
1908087356 3571821994 1
3571821994 1908087356 1
1908093308 8913318079 1
8913318079 1908093308 1
1908093308 1908093308~3419426288~1 1
1908093308~3419426288~1 1908093308 1
1908093308 1908093308~8913234629~1 1
1908093308~8913234629~1 1908093308 1
1909836764 4804216187 1
4804216187 1909836764 1
1909841064 2174930003 1
2174930003 1909841064 1
1909841064 2174930026 1
2174930026 1909841064 1
1963622057 1778441200~1963622057~3 1
1778441200~1963622057~3 1963622057 1
1963627083 1879060522~1963627083~1 1
1879060522~1963627083~1 1963627083 1
1963675296 1963675297 1
1963675297 1963675296 1
2063297074 2063297107 1
2063297107 2063297074 1
2063297074 2063297074~371506578~1 1
2063297074~371506578~1 2063297074 1
2063297092 3022743707 1
3022743707 2063297092 1
2063297092 3022759842 1
3022759842 2063297092 1
2110397605 3401916669 1
3401916669 2110397605 1
2110397605 3401916670 1
3401916670 2110397605 1
2110402675 2110402675~60965468~1 1
2110402675~60965468~1 2110402675 1
2115556519 2115556526 1
2115556526 2115556519 1
2115556519 2115556544 1
2115556544 2115556519 1
2115618572 2115618574 1
2115618574 2115618572 1
2115618572 2115618578 1
2115618578 2115618572 1
2115618572 2115618580 1
2115618580 2115618572 1
2115618574 1605168240~2115618574~1 1
1605168240~2115618574~1 2115618574 1
2151608504 2238635042 1
2238635042 2151608504 1
2151608504 2151608504~2151608506~1 1
2151608504~2151608506~1 2151608504 1
2151608506 2151608504~2151608506~1 1
2151608504~2151608506~1 2151608506 1
2152974493 1339607437~2152974493~3 1
1339607437~2152974493~3 2152974493 1
2152974493 1777610494~2152974493~3 1
1777610494~2152974493~3 2152974493 1
2152974493 1778419970~2152974493~1 1
1778419970~2152974493~1 2152974493 1
2154279472 2154279473 1
2154279473 2154279472 1
2154279473 2154279475 1
2154279475 2154279473 1
2154279473 2154279478 1
2154279478 2154279473 1
2161134806 2161134809 1
2161134809 2161134806 1
2174930003 2174930019 1
2174930019 2174930003 1
2174963078 1796915570~2174963078~2 1
1796915570~2174963078~2 2174963078 1
2174963078 2174963078~775798959~1 1
2174963078~775798959~1 2174963078 1
2177067031 2177067032 1
2177067032 2177067031 1
2177246500 2177246574 1
2177246574 2177246500 1
2177246517 2177246567 1
2177246567 2177246517 1
2177246545 2177246576 1
2177246576 2177246545 1
2177246548 2177246567 1
2177246567 2177246548 1
2178260382 2178260388 1
2178260388 2178260382 1
2188603563 2188603568 1
2188603568 2188603563 1
2203364819 1770373629~2203364819~2 1
1770373629~2203364819~2 2203364819 1
2203405386 2203405390 1
2203405390 2203405386 1
2203405386 2203412451 1
2203412451 2203405386 1
2203426543 2203426590 1
2203426590 2203426543 1
2203426590 1785898066~2203426590~1 1
1785898066~2203426590~1 2203426590 1
2217381664 1778010160~2217381664~1 1
1778010160~2217381664~1 2217381664 1
2217385571 1778010160~2217385571~6 1
1778010160~2217385571~6 2217385571 1
2217385571 1787064950~2217385571~2 1
1787064950~2217385571~2 2217385571 1
2222805096 2222805103 1
2222805103 2222805096 1
2222805096 1258141924~2222805096~1 1
1258141924~2222805096~1 2222805096 1
2222805096 1780373740~2222805096~1 1
1780373740~2222805096~1 2222805096 1
2231386977 1277156849~2231386977~2 1
1277156849~2231386977~2 2231386977 1
2244988998 2244989038 1
2244989038 2244988998 1
2244988998 3419426507 1
3419426507 2244988998 1
2244989028 3419426502 1
3419426502 2244989028 1
2244989028 2244989028~3419426507~1 1
2244989028~3419426507~1 2244989028 1
2244989038 2244989047 1
2244989047 2244989038 1
2244989047 3419426502 1
3419426502 2244989047 1
2588960376 8765722281 1
8765722281 2588960376 1
2665940044 3400510061 1
3400510061 2665940044 1
3022759842 3022759857 1
3022759857 3022759842 1
3022759857 3022759857~7866127017~1 1
3022759857~7866127017~1 3022759857 1
3080820391 3080820392 1
3080820392 3080820391 1
3080820392 3080820405 1
3080820405 3080820392 1
3400611573 3400611581 1
3400611581 3400611573 1
3401916665 3401916666 1
3401916666 3401916665 1
3401916665 1778383306~3401916665~1 1
1778383306~3401916665~1 3401916665 1
3401916665 1778419970~3401916665~1 1
1778419970~3401916665~1 3401916665 1
3401916670 1780616811~3401916670~1 1
1780616811~3401916670~1 3401916670 1
3401944543 3401944544 1
3401944544 3401944543 1
3401944544 3401944545 1
3401944545 3401944544 1
3419426288 3419426507 1
3419426507 3419426288 1
3419426288 1908093308~3419426288~2 1
1908093308~3419426288~2 3419426288 1
3419426507 2244989028~3419426507~1 1
2244989028~3419426507~1 3419426507 1
4610480263 4610480263~60972442~1 1
4610480263~60972442~1 4610480263 1
4804216187 4804216190 1
4804216190 4804216187 1
6188749847 6188749850 1
6188749850 6188749847 1
6188749847 1797969822~6188749847~1 1
1797969822~6188749847~1 6188749847 1
7050469204 7050469208 1
7050469208 7050469204 1
7050469206 7050469208 1
7050469208 7050469206 1
7050469206 60972228~7050469206~2 1
60972228~7050469206~2 7050469206 1
7050469207 7050469208 1
7050469208 7050469207 1
7866126986 7866126988 1
7866126988 7866126986 1
7866127017 7866127019 1
7866127019 7866127017 1
7866127017 7866127024 1
7866127024 7866127017 1
7866127017 3022759857~7866127017~1 1
3022759857~7866127017~1 7866127017 1
7866127019 775798966~7866127019~1 1
775798966~7866127019~1 7866127019 1
8249821924 8249821925 1
8249821925 8249821924 1
8384244659 8384244662 1
8384244662 8384244659 1
8384244659 8765722281 1
8765722281 8384244659 1
8464784443 1777583701~8464784443~4 1
1777583701~8464784443~4 8464784443 1
8464784443 8464784443~8464784495~1 1
8464784443~8464784495~1 8464784443 1
8464784495 8464784443~8464784495~2 1
8464784443~8464784495~2 8464784495 1
8913234629 1908093308~8913234629~3 1
1908093308~8913234629~3 8913234629 1
8913318079 1339607444~8913318079~2 1
1339607444~8913318079~2 8913318079 1
9389423579 9389423580 1
9389423580 9389423579 1
9389423579 9389423582 1
9389423582 9389423579 1
9389423580 9389423582 1
9389423582 9389423580 1
9389423580 60972200~9389423580~1 1
60972200~9389423580~1 9389423580 1
10174305253 10174305254 1
10174305254 10174305253 1
1256997973~1347038428~1 1256997973~1347038428~2 1
1256997973~1347038428~2 1256997973~1347038428~1 1
1256997973~1347038428~2 1256997973~1347038428~3 1
1256997973~1347038428~3 1256997973~1347038428~2 1
1256997973~1347038428~3 1256997973~1347038428~4 1
1256997973~1347038428~4 1256997973~1347038428~3 1
1257101525~371508764~1 1257101525~371508764~2 1
1257101525~371508764~2 1257101525~371508764~1 1
1259478380~251544263~1 1259478380~251544263~2 1
1259478380~251544263~2 1259478380~251544263~1 1
12625081~1822683935~1 12625081~1822683935~2 1
12625081~1822683935~2 12625081~1822683935~1 1
12625081~1822683935~2 12625081~1822683935~3 1
12625081~1822683935~3 12625081~1822683935~2 1
12625081~1822683935~3 12625081~1822683935~4 1
12625081~1822683935~4 12625081~1822683935~3 1
12625081~1822683935~4 12625081~1822683935~5 1
12625081~1822683935~5 12625081~1822683935~4 1
12625081~1822683935~5 12625081~1822683935~6 1
12625081~1822683935~6 12625081~1822683935~5 1
12625107~1822698386~1 12625107~1822698386~2 1
12625107~1822698386~2 12625107~1822698386~1 1
12625107~1822698386~10 12625107~1822698386~9 1
12625107~1822698386~9 12625107~1822698386~10 1
12625107~1822698386~2 12625107~1822698386~3 1
12625107~1822698386~3 12625107~1822698386~2 1
12625107~1822698386~3 12625107~1822698386~4 1
12625107~1822698386~4 12625107~1822698386~3 1
12625107~1822698386~4 12625107~1822698386~5 1
12625107~1822698386~5 12625107~1822698386~4 1
12625107~1822698386~5 12625107~1822698386~6 1
12625107~1822698386~6 12625107~1822698386~5 1
12625107~1822698386~6 12625107~1822698386~7 1
12625107~1822698386~7 12625107~1822698386~6 1
12625107~1822698386~7 12625107~1822698386~8 1
12625107~1822698386~8 12625107~1822698386~7 1
12625107~1822698386~8 12625107~1822698386~9 1
12625107~1822698386~9 12625107~1822698386~8 1
12625119~1822707498~1 12625119~1822707498~2 1
12625119~1822707498~2 12625119~1822707498~1 1
12625119~1822707498~2 12625119~1822707498~3 1
12625119~1822707498~3 12625119~1822707498~2 1
12625119~1822707498~3 12625119~1822707498~4 1
12625119~1822707498~4 12625119~1822707498~3 1
12626099~60972177~1 12626099~60972177~2 1
12626099~60972177~2 12626099~60972177~1 1
12626263~251060073~1 12626263~251060073~2 1
12626263~251060073~2 12626263~251060073~1 1
12626263~251060073~2 12626263~251060073~3 1
12626263~251060073~3 12626263~251060073~2 1
12626494~1779917876~1 12626494~1779917876~2 1
12626494~1779917876~2 12626494~1779917876~1 1
12626625~1779926106~1 12626625~1779926106~2 1
12626625~1779926106~2 12626625~1779926106~1 1
1275867458~1275867462~1 1275867458~1275867462~2 1
1275867458~1275867462~2 1275867458~1275867462~1 1
1277156781~343308897~1 1277156781~343308897~2 1
1277156781~343308897~2 1277156781~343308897~1 1
1277156781~343308897~2 1277156781~343308897~3 1
1277156781~343308897~3 1277156781~343308897~2 1
1277156781~60965505~1 1277156781~60965505~2 1
1277156781~60965505~2 1277156781~60965505~1 1
1277156849~2231386977~1 1277156849~2231386977~2 1
1277156849~2231386977~2 1277156849~2231386977~1 1
1277156872~60965493~1 1277156872~60965493~2 1
1277156872~60965493~2 1277156872~60965493~1 1
1317844004~251544268~1 1317844004~251544268~2 1
1317844004~251544268~2 1317844004~251544268~1 1
1328616938~1328616971~1 1328616938~1328616971~2 1
1328616938~1328616971~2 1328616938~1328616971~1 1
1328616952~294070298~1 1328616952~294070298~2 1
1328616952~294070298~2 1328616952~294070298~1 1
1328616952~294070298~2 1328616952~294070298~3 1
1328616952~294070298~3 1328616952~294070298~2 1
1328616959~1339601977~1 1328616959~1339601977~2 1
1328616959~1339601977~2 1328616959~1339601977~1 1
1328616959~1339601977~2 1328616959~1339601977~3 1
1328616959~1339601977~3 1328616959~1339601977~2 1
1328616959~1339601977~3 1328616959~1339601977~4 1
1328616959~1339601977~4 1328616959~1339601977~3 1
1328616959~1339601977~4 1328616959~1339601977~5 1
1328616959~1339601977~5 1328616959~1339601977~4 1
1328616959~1339601977~5 1328616959~1339601977~6 1
1328616959~1339601977~6 1328616959~1339601977~5 1
1328616959~1339601977~6 1328616959~1339601977~7 1
1328616959~1339601977~7 1328616959~1339601977~6 1
1328616962~1339601994~1 1328616962~1339601994~2 1
1328616962~1339601994~2 1328616962~1339601994~1 1
1339607437~2152974493~1 1339607437~2152974493~2 1
1339607437~2152974493~2 1339607437~2152974493~1 1
1339607437~2152974493~2 1339607437~2152974493~3 1
1339607437~2152974493~3 1339607437~2152974493~2 1
1339607444~8913318079~1 1339607444~8913318079~2 1
1339607444~8913318079~2 1339607444~8913318079~1 1
1343290803~1343290814~1 1343290803~1343290814~2 1
1343290803~1343290814~2 1343290803~1343290814~1 1
1343290803~1343290814~2 1343290803~1343290814~3 1
1343290803~1343290814~3 1343290803~1343290814~2 1
1343290803~1343290814~3 1343290803~1343290814~4 1
1343290803~1343290814~4 1343290803~1343290814~3 1
1343290814~1343290840~1 1343290814~1343290840~2 1
1343290814~1343290840~2 1343290814~1343290840~1 1
1343290814~1343290840~2 1343290814~1343290840~3 1
1343290814~1343290840~3 1343290814~1343290840~2 1
1343290814~1343290840~3 1343290814~1343290840~4 1
1343290814~1343290840~4 1343290814~1343290840~3 1
1365193874~1675164861~1 1365193874~1675164861~2 1
1365193874~1675164861~2 1365193874~1675164861~1 1
1365193885~775799018~1 1365193885~775799018~2 1
1365193885~775799018~2 1365193885~775799018~1 1
1365193885~775799018~2 1365193885~775799018~3 1
1365193885~775799018~3 1365193885~775799018~2 1
1365193885~775799018~3 1365193885~775799018~4 1
1365193885~775799018~4 1365193885~775799018~3 1
1365193885~775799018~4 1365193885~775799018~5 1
1365193885~775799018~5 1365193885~775799018~4 1
1365193899~1804046812~1 1365193899~1804046812~2 1
1365193899~1804046812~2 1365193899~1804046812~1 1
1365193899~1804046812~2 1365193899~1804046812~3 1
1365193899~1804046812~3 1365193899~1804046812~2 1
1365193908~1804034756~1 1365193908~1804034756~2 1
1365193908~1804034756~2 1365193908~1804034756~1 1
1365193908~1804034756~2 1365193908~1804034756~3 1
1365193908~1804034756~3 1365193908~1804034756~2 1
1365193908~1804034756~3 1365193908~1804034756~4 1
1365193908~1804034756~4 1365193908~1804034756~3 1
1365193908~1804034756~4 1365193908~1804034756~5 1
1365193908~1804034756~5 1365193908~1804034756~4 1
1365193908~1804034756~5 1365193908~1804034756~6 1
1365193908~1804034756~6 1365193908~1804034756~5 1
1365193926~1365198214~1 1365193926~1365198214~2 1
1365193926~1365198214~2 1365193926~1365198214~1 1
1365193926~1365198214~2 1365193926~1365198214~3 1
1365193926~1365198214~3 1365193926~1365198214~2 1
1365193926~1365198214~3 1365193926~1365198214~4 1
1365193926~1365198214~4 1365193926~1365198214~3 1
1365193926~1365198214~4 1365193926~1365198214~5 1
1365193926~1365198214~5 1365193926~1365198214~4 1
1473488160~1473488171~1 1473488160~1473488171~2 1
1473488160~1473488171~2 1473488160~1473488171~1 1
1473488160~1473488171~2 1473488160~1473488171~3 1
1473488160~1473488171~3 1473488160~1473488171~2 1
1473488160~1777583701~1 1473488160~1777583701~2 1
1473488160~1777583701~2 1473488160~1777583701~1 1
1473488160~1777583701~2 1473488160~1777583701~3 1
1473488160~1777583701~3 1473488160~1777583701~2 1
1473488160~1838612440~1 1473488160~1838612440~2 1
1473488160~1838612440~2 1473488160~1838612440~1 1
1473488160~1838612440~2 1473488160~1838612440~3 1
1473488160~1838612440~3 1473488160~1838612440~2 1
1473488160~1838612440~3 1473488160~1838612440~4 1
1473488160~1838612440~4 1473488160~1838612440~3 1
1473488160~1838612440~4 1473488160~1838612440~5 1
1473488160~1838612440~5 1473488160~1838612440~4 1
1473488160~1838612440~5 1473488160~1838612440~6 1
1473488160~1838612440~6 1473488160~1838612440~5 1
1473488160~1838612440~6 1473488160~1838612440~7 1
1473488160~1838612440~7 1473488160~1838612440~6 1
1473488160~1838612440~7 1473488160~1838612440~8 1
1473488160~1838612440~8 1473488160~1838612440~7 1
1473488160~1838612440~8 1473488160~1838612440~9 1
1473488160~1838612440~9 1473488160~1838612440~8 1
1605168168~1777629796~1 1605168168~1777629796~2 1
1605168168~1777629796~2 1605168168~1777629796~1 1
1605168168~1777629796~2 1605168168~1777629796~3 1
1605168168~1777629796~3 1605168168~1777629796~2 1
1605168168~1780648906~1 1605168168~1780648906~2 1
1605168168~1780648906~2 1605168168~1780648906~1 1
1605168230~1779134062~1 1605168230~1779134062~2 1
1605168230~1779134062~2 1605168230~1779134062~1 1
1605168230~1779134062~2 1605168230~1779134062~3 1
1605168230~1779134062~3 1605168230~1779134062~2 1
1605168230~1779134062~3 1605168230~1779134062~4 1
1605168230~1779134062~4 1605168230~1779134062~3 1
1605168230~1779134062~4 1605168230~1779134062~5 1
1605168230~1779134062~5 1605168230~1779134062~4 1
1605168230~1779134062~5 1605168230~1779134062~6 1
1605168230~1779134062~6 1605168230~1779134062~5 1
1605168240~60965452~1 1605168240~60965452~2 1
1605168240~60965452~2 1605168240~60965452~1 1
1605168240~60965452~2 1605168240~60965452~3 1
1605168240~60965452~3 1605168240~60965452~2 1
1605168240~60965452~3 1605168240~60965452~4 1
1605168240~60965452~4 1605168240~60965452~3 1
1770339814~1814671025~1 1770339814~1814671025~2 1
1770339814~1814671025~2 1770339814~1814671025~1 1
1770339818~1814665118~1 1770339818~1814665118~2 1
1770339818~1814665118~2 1770339818~1814665118~1 1
1770339818~1814665118~2 1770339818~1814665118~3 1
1770339818~1814665118~3 1770339818~1814665118~2 1
1770339846~1770339874~1 1770339846~1770339874~2 1
1770339846~1770339874~2 1770339846~1770339874~1 1
1770373591~1770373654~1 1770373591~1770373654~2 1
1770373591~1770373654~2 1770373591~1770373654~1 1
1770373629~2203364819~1 1770373629~2203364819~2 1
1770373629~2203364819~2 1770373629~2203364819~1 1
1770373654~1787122421~1 1770373654~1787122421~2 1
1770373654~1787122421~2 1770373654~1787122421~1 1
1770373654~1787122421~2 1770373654~1787122421~3 1
1770373654~1787122421~3 1770373654~1787122421~2 1
1770373654~1787122421~3 1770373654~1787122421~4 1
1770373654~1787122421~4 1770373654~1787122421~3 1
1770373654~1787122421~4 1770373654~1787122421~5 1
1770373654~1787122421~5 1770373654~1787122421~4 1
1770373654~1787122421~5 1770373654~1787122421~6 1
1770373654~1787122421~6 1770373654~1787122421~5 1
1770373654~1787122421~6 1770373654~1787122421~7 1
1770373654~1787122421~7 1770373654~1787122421~6 1
1776038359~1793037269~1 1776038359~1793037269~2 1
1776038359~1793037269~2 1776038359~1793037269~1 1
1776038359~1793037269~2 1776038359~1793037269~3 1
1776038359~1793037269~3 1776038359~1793037269~2 1
1776038399~1776983264~1 1776038399~1776983264~2 1
1776038399~1776983264~2 1776038399~1776983264~1 1
1776038399~1776983264~2 1776038399~1776983264~3 1
1776038399~1776983264~3 1776038399~1776983264~2 1
1776038399~1776983264~3 1776038399~1776983264~4 1
1776038399~1776983264~4 1776038399~1776983264~3 1
1776038399~1776983264~4 1776038399~1776983264~5 1
1776038399~1776983264~5 1776038399~1776983264~4 1
1776038399~1776983264~5 1776038399~1776983264~6 1
1776038399~1776983264~6 1776038399~1776983264~5 1
1776038399~1776983264~6 1776038399~1776983264~7 1
1776038399~1776983264~7 1776038399~1776983264~6 1
1777583690~1780648906~1 1777583690~1780648906~2 1
1777583690~1780648906~2 1777583690~1780648906~1 1
1777583690~1780648906~2 1777583690~1780648906~3 1
1777583690~1780648906~3 1777583690~1780648906~2 1
1777583690~60965452~1 1777583690~60965452~2 1
1777583690~60965452~2 1777583690~60965452~1 1
1777583690~60965452~2 1777583690~60965452~3 1
1777583690~60965452~3 1777583690~60965452~2 1
1777583690~60965452~3 1777583690~60965452~4 1
1777583690~60965452~4 1777583690~60965452~3 1
1777583690~60965452~4 1777583690~60965452~5 1
1777583690~60965452~5 1777583690~60965452~4 1
1777583690~60965452~5 1777583690~60965452~6 1
1777583690~60965452~6 1777583690~60965452~5 1
1777583690~60965452~6 1777583690~60965452~7 1
1777583690~60965452~7 1777583690~60965452~6 1
1777583701~8464784443~1 1777583701~8464784443~2 1
1777583701~8464784443~2 1777583701~8464784443~1 1
1777583701~8464784443~2 1777583701~8464784443~3 1
1777583701~8464784443~3 1777583701~8464784443~2 1
1777583701~8464784443~3 1777583701~8464784443~4 1
1777583701~8464784443~4 1777583701~8464784443~3 1
1777610494~2152974493~1 1777610494~2152974493~2 1
1777610494~2152974493~2 1777610494~2152974493~1 1
1777610494~2152974493~2 1777610494~2152974493~3 1
1777610494~2152974493~3 1777610494~2152974493~2 1
1777967793~60972466~1 1777967793~60972466~2 1
1777967793~60972466~2 1777967793~60972466~1 1
1777967793~60972466~2 1777967793~60972466~3 1
1777967793~60972466~3 1777967793~60972466~2 1
1778010160~2217385571~1 1778010160~2217385571~2 1
1778010160~2217385571~2 1778010160~2217385571~1 1
1778010160~2217385571~2 1778010160~2217385571~3 1
1778010160~2217385571~3 1778010160~2217385571~2 1
1778010160~2217385571~3 1778010160~2217385571~4 1
1778010160~2217385571~4 1778010160~2217385571~3 1
1778010160~2217385571~4 1778010160~2217385571~5 1
1778010160~2217385571~5 1778010160~2217385571~4 1
1778010160~2217385571~5 1778010160~2217385571~6 1
1778010160~2217385571~6 1778010160~2217385571~5 1
1778441200~1963622057~1 1778441200~1963622057~2 1
1778441200~1963622057~2 1778441200~1963622057~1 1
1778441200~1963622057~2 1778441200~1963622057~3 1
1778441200~1963622057~3 1778441200~1963622057~2 1
1778468394~1778534278~1 1778468394~1778534278~2 1
1778468394~1778534278~2 1778468394~1778534278~1 1
1778468394~1778534278~2 1778468394~1778534278~3 1
1778468394~1778534278~3 1778468394~1778534278~2 1
1778468394~1778534278~3 1778468394~1778534278~4 1
1778468394~1778534278~4 1778468394~1778534278~3 1
1778468394~60965452~1 1778468394~60965452~2 1
1778468394~60965452~2 1778468394~60965452~1 1
1781655631~60972402~1 1781655631~60972402~2 1
1781655631~60972402~2 1781655631~60972402~1 1
1781655631~60972402~2 1781655631~60972402~3 1
1781655631~60972402~3 1781655631~60972402~2 1
1781655631~60972402~3 1781655631~60972402~4 1
1781655631~60972402~4 1781655631~60972402~3 1
1781655631~60972402~4 1781655631~60972402~5 1
1781655631~60972402~5 1781655631~60972402~4 1
1781655631~60972402~5 1781655631~60972402~6 1
1781655631~60972402~6 1781655631~60972402~5 1
1781666951~1894548545~1 1781666951~1894548545~2 1
1781666951~1894548545~2 1781666951~1894548545~1 1
1781666951~1894548545~10 1781666951~1894548545~11 1
1781666951~1894548545~11 1781666951~1894548545~10 1
1781666951~1894548545~10 1781666951~1894548545~9 1
1781666951~1894548545~9 1781666951~1894548545~10 1
1781666951~1894548545~11 1781666951~1894548545~12 1
1781666951~1894548545~12 1781666951~1894548545~11 1
1781666951~1894548545~2 1781666951~1894548545~3 1
1781666951~1894548545~3 1781666951~1894548545~2 1
1781666951~1894548545~3 1781666951~1894548545~4 1
1781666951~1894548545~4 1781666951~1894548545~3 1
1781666951~1894548545~4 1781666951~1894548545~5 1
1781666951~1894548545~5 1781666951~1894548545~4 1
1781666951~1894548545~5 1781666951~1894548545~6 1
1781666951~1894548545~6 1781666951~1894548545~5 1
1781666951~1894548545~6 1781666951~1894548545~7 1
1781666951~1894548545~7 1781666951~1894548545~6 1
1781666951~1894548545~7 1781666951~1894548545~8 1
1781666951~1894548545~8 1781666951~1894548545~7 1
1781666951~1894548545~8 1781666951~1894548545~9 1
1781666951~1894548545~9 1781666951~1894548545~8 1
1781723285~775798959~1 1781723285~775798959~2 1
1781723285~775798959~2 1781723285~775798959~1 1
1784591056~1784596487~1 1784591056~1784596487~2 1
1784591056~1784596487~2 1784591056~1784596487~1 1
1784591056~1784596487~2 1784591056~1784596487~3 1
1784591056~1784596487~3 1784591056~1784596487~2 1
1784591056~775718985~1 1784591056~775718985~2 1
1784591056~775718985~2 1784591056~775718985~1 1
1784591056~775718985~2 1784591056~775718985~3 1
1784591056~775718985~3 1784591056~775718985~2 1
1784591056~775718985~3 1784591056~775718985~4 1
1784591056~775718985~4 1784591056~775718985~3 1
1784591056~775718985~4 1784591056~775718985~5 1
1784591056~775718985~5 1784591056~775718985~4 1
1784591056~775718985~5 1784591056~775718985~6 1
1784591056~775718985~6 1784591056~775718985~5 1
1784596487~775799039~1 1784596487~775799039~2 1
1784596487~775799039~2 1784596487~775799039~1 1
1784596490~775799039~1 1784596490~775799039~2 1
1784596490~775799039~2 1784596490~775799039~1 1
1784596490~775799039~2 1784596490~775799039~3 1
1784596490~775799039~3 1784596490~775799039~2 1
1784596490~775799039~3 1784596490~775799039~4 1
1784596490~775799039~4 1784596490~775799039~3 1
1787064950~2217385571~1 1787064950~2217385571~2 1
1787064950~2217385571~2 1787064950~2217385571~1 1
1788867150~1788867153~1 1788867150~1788867153~2 1
1788867150~1788867153~2 1788867150~1788867153~1 1
1790449047~775798962~1 1790449047~775798962~2 1
1790449047~775798962~2 1790449047~775798962~1 1
1794279298~1822683934~1 1794279298~1822683934~2 1
1794279298~1822683934~2 1794279298~1822683934~1 1
1794279298~1822683934~2 1794279298~1822683934~3 1
1794279298~1822683934~3 1794279298~1822683934~2 1
1794279298~1822683934~3 1794279298~1822683934~4 1
1794279298~1822683934~4 1794279298~1822683934~3 1
1796915570~2174963078~1 1796915570~2174963078~2 1
1796915570~2174963078~2 1796915570~2174963078~1 1
1796915570~775798968~1 1796915570~775798968~2 1
1796915570~775798968~2 1796915570~775798968~1 1
1796915570~775798968~2 1796915570~775798968~3 1
1796915570~775798968~3 1796915570~775798968~2 1
1797063203~294072089~1 1797063203~294072089~2 1
1797063203~294072089~2 1797063203~294072089~1 1
1822683935~1822698385~1 1822683935~1822698385~2 1
1822683935~1822698385~2 1822683935~1822698385~1 1
1822683935~1822698385~2 1822683935~1822698385~3 1
1822683935~1822698385~3 1822683935~1822698385~2 1
1822698386~1822982587~1 1822698386~1822982587~2 1
1822698386~1822982587~2 1822698386~1822982587~1 1
1822698386~1822982587~2 1822698386~1822982587~3 1
1822698386~1822982587~3 1822698386~1822982587~2 1
1822698386~1822982587~3 1822698386~1822982587~4 1
1822698386~1822982587~4 1822698386~1822982587~3 1
1822698386~1822982587~4 1822698386~1822982587~5 1
1822698386~1822982587~5 1822698386~1822982587~4 1
1822698386~1822982587~5 1822698386~1822982587~6 1
1822698386~1822982587~6 1822698386~1822982587~5 1
1822698386~1822982587~6 1822698386~1822982587~7 1
1822698386~1822982587~7 1822698386~1822982587~6 1
1822707497~775727293~1 1822707497~775727293~2 1
1822707497~775727293~2 1822707497~775727293~1 1
1822707498~775727292~1 1822707498~775727292~2 1
1822707498~775727292~2 1822707498~775727292~1 1
1834582441~1834582450~1 1834582441~1834582450~2 1
1834582441~1834582450~2 1834582441~1834582450~1 1
1834582441~1834582450~2 1834582441~1834582450~3 1
1834582441~1834582450~3 1834582441~1834582450~2 1
1889685156~775718978~1 1889685156~775718978~2 1
1889685156~775718978~2 1889685156~775718978~1 1
1894548545~1900091803~1 1894548545~1900091803~2 1
1894548545~1900091803~2 1894548545~1900091803~1 1
1908093308~3419426288~1 1908093308~3419426288~2 1
1908093308~3419426288~2 1908093308~3419426288~1 1
1908093308~8913234629~1 1908093308~8913234629~2 1
1908093308~8913234629~2 1908093308~8913234629~1 1
1908093308~8913234629~2 1908093308~8913234629~3 1
1908093308~8913234629~3 1908093308~8913234629~2 1
2174963078~775798959~1 2174963078~775798959~2 1
2174963078~775798959~2 2174963078~775798959~1 1
2174963078~775798959~2 2174963078~775798959~3 1
2174963078~775798959~3 2174963078~775798959~2 1
294070915~60972444~1 294070915~60972444~2 1
294070915~60972444~2 294070915~60972444~1 1
294070915~60972444~2 294070915~60972444~3 1
294070915~60972444~3 294070915~60972444~2 1
294070915~60972444~3 294070915~60972444~4 1
294070915~60972444~4 294070915~60972444~3 1
294070915~60972444~4 294070915~60972444~5 1
294070915~60972444~5 294070915~60972444~4 1
294072089~775799039~1 294072089~775799039~2 1
294072089~775799039~2 294072089~775799039~1 1
294072089~775799039~2 294072089~775799039~3 1
294072089~775799039~3 294072089~775799039~2 1
371505104~371505647~1 371505104~371505647~2 1
371505104~371505647~2 371505104~371505647~1 1
371506585~60972444~1 371506585~60972444~2 1
371506585~60972444~2 371506585~60972444~1 1
386941646~386941657~1 386941646~386941657~2 1
386941646~386941657~2 386941646~386941657~1 1
386941646~386941657~2 386941646~386941657~3 1
386941646~386941657~3 386941646~386941657~2 1
386941646~386941657~3 386941646~386941657~4 1
386941646~386941657~4 386941646~386941657~3 1
386941646~386941657~4 386941646~386941657~5 1
386941646~386941657~5 386941646~386941657~4 1
386941646~386941657~5 386941646~386941657~6 1
386941646~386941657~6 386941646~386941657~5 1
386941646~386941657~6 386941646~386941657~7 1
386941646~386941657~7 386941646~386941657~6 1
386941646~386941657~7 386941646~386941657~8 1
386941646~386941657~8 386941646~386941657~7 1
386941646~386941657~8 386941646~386941657~9 1
386941646~386941657~9 386941646~386941657~8 1
60972228~7050469206~1 60972228~7050469206~2 1
60972228~7050469206~2 60972228~7050469206~1 1
60972402~60972405~1 60972402~60972405~2 1
60972402~60972405~2 60972402~60972405~1 1
60972402~60972405~2 60972402~60972405~3 1
60972402~60972405~3 60972402~60972405~2 1
60972402~60972405~3 60972402~60972405~4 1
60972402~60972405~4 60972402~60972405~3 1
60972402~60972405~4 60972402~60972405~5 1
60972402~60972405~5 60972402~60972405~4 1
60972441~775798962~1 60972441~775798962~2 1
60972441~775798962~2 60972441~775798962~1 1
775798959~775798962~1 775798959~775798962~2 1
775798959~775798962~2 775798959~775798962~1 1
775798959~775798962~2 775798959~775798962~3 1
775798959~775798962~3 775798959~775798962~2 1
8464784443~8464784495~1 8464784443~8464784495~2 1
8464784443~8464784495~2 8464784443~8464784495~1 1
S 10
1778534278 1778468394 1778510811 60965452 1605168240 1778697261 1778697265 1605177709 1605177725 1777583690
T 10
7050469208 1770373542 1776983264 1770373591 60972228 775727330 775727328 1770373545 1770373654 1787122421
