# meta: nome=i-i080-341-intercalado-f2
# meta: familia=steinlib-i
# meta: classe=principal
# meta: das_compat=exata
# meta: instancia_original=i080-341
# meta: fonte=SteinLib
# meta: problema_original=Steiner em grafos
# meta: url=https://steinlib.zib.de/steinlib.php
# meta: referencia=Koch, Martin, Voss. SteinLib (KMV00)
# meta: transformacao=G-UNIT; maior componente conexa; não dirigido; passos unitários
# meta: regra_ST=ST-INTERCALADO
# meta: regra_r=R-FRAC:2 (lambda*=2)
# meta: seed=
# meta: script=src/converters/build_benchmark.py
# meta: commit_gerador=a647555
# meta: observacao=
N 80
M 1264
R 1
# u v length
1 6 1
6 1 1
1 8 1
8 1 1
1 11 1
11 1 1
1 12 1
12 1 1
1 14 1
14 1 1
1 15 1
15 1 1
1 27 1
27 1 1
1 28 1
28 1 1
1 35 1
35 1 1
1 43 1
43 1 1
1 46 1
46 1 1
1 47 1
47 1 1
1 54 1
54 1 1
1 61 1
61 1 1
1 65 1
65 1 1
1 67 1
67 1 1
1 69 1
69 1 1
1 70 1
70 1 1
1 73 1
73 1 1
1 76 1
76 1 1
1 79 1
79 1 1
2 37 1
37 2 1
2 39 1
39 2 1
2 41 1
41 2 1
2 42 1
42 2 1
2 45 1
45 2 1
2 49 1
49 2 1
2 50 1
50 2 1
2 52 1
52 2 1
2 54 1
54 2 1
2 58 1
58 2 1
2 63 1
63 2 1
2 71 1
71 2 1
2 79 1
79 2 1
2 80 1
80 2 1
3 15 1
15 3 1
3 16 1
16 3 1
3 22 1
22 3 1
3 32 1
32 3 1
3 34 1
34 3 1
3 35 1
35 3 1
3 47 1
47 3 1
4 5 1
5 4 1
4 12 1
12 4 1
4 15 1
15 4 1
4 27 1
27 4 1
4 29 1
29 4 1
4 30 1
30 4 1
4 32 1
32 4 1
4 33 1
33 4 1
4 47 1
47 4 1
4 50 1
50 4 1
4 52 1
52 4 1
4 53 1
53 4 1
4 54 1
54 4 1
4 64 1
64 4 1
4 66 1
66 4 1
4 70 1
70 4 1
4 71 1
71 4 1
4 74 1
74 4 1
4 76 1
76 4 1
4 78 1
78 4 1
5 11 1
11 5 1
5 15 1
15 5 1
5 26 1
26 5 1
5 30 1
30 5 1
5 32 1
32 5 1
5 34 1
34 5 1
5 43 1
43 5 1
5 52 1
52 5 1
5 54 1
54 5 1
5 58 1
58 5 1
5 59 1
59 5 1
5 63 1
63 5 1
5 70 1
70 5 1
5 72 1
72 5 1
5 79 1
79 5 1
6 10 1
10 6 1
6 16 1
16 6 1
6 18 1
18 6 1
6 28 1
28 6 1
6 36 1
36 6 1
6 55 1
55 6 1
6 62 1
62 6 1
6 65 1
65 6 1
6 68 1
68 6 1
6 74 1
74 6 1
6 77 1
77 6 1
6 78 1
78 6 1
6 80 1
80 6 1
7 11 1
11 7 1
7 12 1
12 7 1
7 26 1
26 7 1
7 33 1
33 7 1
7 50 1
50 7 1
7 53 1
53 7 1
7 62 1
62 7 1
7 64 1
64 7 1
7 75 1
75 7 1
7 80 1
80 7 1
8 9 1
9 8 1
8 13 1
13 8 1
8 19 1
19 8 1
8 21 1
21 8 1
8 27 1
27 8 1
8 31 1
31 8 1
8 35 1
35 8 1
8 38 1
38 8 1
8 52 1
52 8 1
8 54 1
54 8 1
8 60 1
60 8 1
8 61 1
61 8 1
8 63 1
63 8 1
8 68 1
68 8 1
8 72 1
72 8 1
9 16 1
16 9 1
9 35 1
35 9 1
9 43 1
43 9 1
9 47 1
47 9 1
9 60 1
60 9 1
9 67 1
67 9 1
9 70 1
70 9 1
10 35 1
35 10 1
10 36 1
36 10 1
10 46 1
46 10 1
10 51 1
51 10 1
10 54 1
54 10 1
10 57 1
57 10 1
10 63 1
63 10 1
10 64 1
64 10 1
10 67 1
67 10 1
10 76 1
76 10 1
10 79 1
79 10 1
10 80 1
80 10 1
11 16 1
16 11 1
11 22 1
22 11 1
11 29 1
29 11 1
11 33 1
33 11 1
11 36 1
36 11 1
11 52 1
52 11 1
11 59 1
59 11 1
11 61 1
61 11 1
11 63 1
63 11 1
11 64 1
64 11 1
11 70 1
70 11 1
11 74 1
74 11 1
11 77 1
77 11 1
12 15 1
15 12 1
12 16 1
16 12 1
12 18 1
18 12 1
12 40 1
40 12 1
12 42 1
42 12 1
12 45 1
45 12 1
12 47 1
47 12 1
12 48 1
48 12 1
12 52 1
52 12 1
12 55 1
55 12 1
12 56 1
56 12 1
12 57 1
57 12 1
12 59 1
59 12 1
12 68 1
68 12 1
12 74 1
74 12 1
13 14 1
14 13 1
13 17 1
17 13 1
13 20 1
20 13 1
13 23 1
23 13 1
13 36 1
36 13 1
13 44 1
44 13 1
13 49 1
49 13 1
13 52 1
52 13 1
13 58 1
58 13 1
13 61 1
61 13 1
13 62 1
62 13 1
13 63 1
63 13 1
13 65 1
65 13 1
13 66 1
66 13 1
13 77 1
77 13 1
13 80 1
80 13 1
14 17 1
17 14 1
14 18 1
18 14 1
14 21 1
21 14 1
14 27 1
27 14 1
14 28 1
28 14 1
14 38 1
38 14 1
14 39 1
39 14 1
14 42 1
42 14 1
14 44 1
44 14 1
14 49 1
49 14 1
14 51 1
51 14 1
14 56 1
56 14 1
14 71 1
71 14 1
14 79 1
79 14 1
15 18 1
18 15 1
15 20 1
20 15 1
15 23 1
23 15 1
15 28 1
28 15 1
15 34 1
34 15 1
15 40 1
40 15 1
15 42 1
42 15 1
15 47 1
47 15 1
15 49 1
49 15 1
15 55 1
55 15 1
15 56 1
56 15 1
15 57 1
57 15 1
15 59 1
59 15 1
15 63 1
63 15 1
15 65 1
65 15 1
15 66 1
66 15 1
15 71 1
71 15 1
15 73 1
73 15 1
15 75 1
75 15 1
15 76 1
76 15 1
16 18 1
18 16 1
16 21 1
21 16 1
16 26 1
26 16 1
16 38 1
38 16 1
16 45 1
45 16 1
16 47 1
47 16 1
16 50 1
50 16 1
16 51 1
51 16 1
16 52 1
52 16 1
16 53 1
53 16 1
16 54 1
54 16 1
16 67 1
67 16 1
16 70 1
70 16 1
17 20 1
20 17 1
17 22 1
22 17 1
17 23 1
23 17 1
17 24 1
24 17 1
17 39 1
39 17 1
17 40 1
40 17 1
17 42 1
42 17 1
17 47 1
47 17 1
17 49 1
49 17 1
17 51 1
51 17 1
17 59 1
59 17 1
17 62 1
62 17 1
17 63 1
63 17 1
17 72 1
72 17 1
17 75 1
75 17 1
17 77 1
77 17 1
17 78 1
78 17 1
18 20 1
20 18 1
18 26 1
26 18 1
18 27 1
27 18 1
18 35 1
35 18 1
18 36 1
36 18 1
18 52 1
52 18 1
18 57 1
57 18 1
18 58 1
58 18 1
18 61 1
61 18 1
18 64 1
64 18 1
18 66 1
66 18 1
18 68 1
68 18 1
18 72 1
72 18 1
18 77 1
77 18 1
19 24 1
24 19 1
19 27 1
27 19 1
19 31 1
31 19 1
19 33 1
33 19 1
19 41 1
41 19 1
19 49 1
49 19 1
19 56 1
56 19 1
19 61 1
61 19 1
19 63 1
63 19 1
19 67 1
67 19 1
19 70 1
70 19 1
19 75 1
75 19 1
20 25 1
25 20 1
20 37 1
37 20 1
20 43 1
43 20 1
20 44 1
44 20 1
20 45 1
45 20 1
20 46 1
46 20 1
20 47 1
47 20 1
20 52 1
52 20 1
20 59 1
59 20 1
20 70 1
70 20 1
20 73 1
73 20 1
20 74 1
74 20 1
20 77 1
77 20 1
20 78 1
78 20 1
20 79 1
79 20 1
21 22 1
22 21 1
21 24 1
24 21 1
21 26 1
26 21 1
21 47 1
47 21 1
21 49 1
49 21 1
21 58 1
58 21 1
21 61 1
61 21 1
21 70 1
70 21 1
21 72 1
72 21 1
21 74 1
74 21 1
21 75 1
75 21 1
21 77 1
77 21 1
22 23 1
23 22 1
22 25 1
25 22 1
22 31 1
31 22 1
22 35 1
35 22 1
22 45 1
45 22 1
22 46 1
46 22 1
22 47 1
47 22 1
22 49 1
49 22 1
22 65 1
65 22 1
22 70 1
70 22 1
22 72 1
72 22 1
22 74 1
74 22 1
22 77 1
77 22 1
23 24 1
24 23 1
23 30 1
30 23 1
23 34 1
34 23 1
23 41 1
41 23 1
23 44 1
44 23 1
23 46 1
46 23 1
23 48 1
48 23 1
23 50 1
50 23 1
23 53 1
53 23 1
23 56 1
56 23 1
23 60 1
60 23 1
23 64 1
64 23 1
23 67 1
67 23 1
23 79 1
79 23 1
24 26 1
26 24 1
24 44 1
44 24 1
24 46 1
46 24 1
24 55 1
55 24 1
24 68 1
68 24 1
24 76 1
76 24 1
25 37 1
37 25 1
25 47 1
47 25 1
25 57 1
57 25 1
25 65 1
65 25 1
25 69 1
69 25 1
26 27 1
27 26 1
26 37 1
37 26 1
26 40 1
40 26 1
26 42 1
42 26 1
26 51 1
51 26 1
26 58 1
58 26 1
26 68 1
68 26 1
26 76 1
76 26 1
26 80 1
80 26 1
27 33 1
33 27 1
27 36 1
36 27 1
27 41 1
41 27 1
27 48 1
48 27 1
27 49 1
49 27 1
27 54 1
54 27 1
27 62 1
62 27 1
27 68 1
68 27 1
28 31 1
31 28 1
28 32 1
32 28 1
28 40 1
40 28 1
28 42 1
42 28 1
28 50 1
50 28 1
28 52 1
52 28 1
28 58 1
58 28 1
28 63 1
63 28 1
28 66 1
66 28 1
28 68 1
68 28 1
28 77 1
77 28 1
29 38 1
38 29 1
29 44 1
44 29 1
29 46 1
46 29 1
29 49 1
49 29 1
29 51 1
51 29 1
29 57 1
57 29 1
29 60 1
60 29 1
29 69 1
69 29 1
29 70 1
70 29 1
29 71 1
71 29 1
29 72 1
72 29 1
29 73 1
73 29 1
30 31 1
31 30 1
30 32 1
32 30 1
30 33 1
33 30 1
30 42 1
42 30 1
30 45 1
45 30 1
30 49 1
49 30 1
30 58 1
58 30 1
30 59 1
59 30 1
30 64 1
64 30 1
30 70 1
70 30 1
30 79 1
79 30 1
31 37 1
37 31 1
31 40 1
40 31 1
31 45 1
45 31 1
31 47 1
47 31 1
31 53 1
53 31 1
31 55 1
55 31 1
31 56 1
56 31 1
31 58 1
58 31 1
31 64 1
64 31 1
31 70 1
70 31 1
31 71 1
71 31 1
31 74 1
74 31 1
31 76 1
76 31 1
32 41 1
41 32 1
32 45 1
45 32 1
32 47 1
47 32 1
32 48 1
48 32 1
32 55 1
55 32 1
32 56 1
56 32 1
32 74 1
74 32 1
33 41 1
41 33 1
33 43 1
43 33 1
33 46 1
46 33 1
33 47 1
47 33 1
33 58 1
58 33 1
33 60 1
60 33 1
33 76 1
76 33 1
33 79 1
79 33 1
34 38 1
38 34 1
34 42 1
42 34 1
34 45 1
45 34 1
34 49 1
49 34 1
34 57 1
57 34 1
34 60 1
60 34 1
34 61 1
61 34 1
34 76 1
76 34 1
34 77 1
77 34 1
34 80 1
80 34 1
35 37 1
37 35 1
35 42 1
42 35 1
35 57 1
57 35 1
35 60 1
60 35 1
35 64 1
64 35 1
35 67 1
67 35 1
35 73 1
73 35 1
35 79 1
79 35 1
36 37 1
37 36 1
36 38 1
38 36 1
36 42 1
42 36 1
36 46 1
46 36 1
36 48 1
48 36 1
36 49 1
49 36 1
36 53 1
53 36 1
36 58 1
58 36 1
36 59 1
59 36 1
36 61 1
61 36 1
36 68 1
68 36 1
36 69 1
69 36 1
36 71 1
71 36 1
37 44 1
44 37 1
37 46 1
46 37 1
37 48 1
48 37 1
37 50 1
50 37 1
37 51 1
51 37 1
37 52 1
52 37 1
37 53 1
53 37 1
37 59 1
59 37 1
37 60 1
60 37 1
37 69 1
69 37 1
38 45 1
45 38 1
38 49 1
49 38 1
38 74 1
74 38 1
38 77 1
77 38 1
39 44 1
44 39 1
39 47 1
47 39 1
39 48 1
48 39 1
39 49 1
49 39 1
39 53 1
53 39 1
39 54 1
54 39 1
39 55 1
55 39 1
39 60 1
60 39 1
39 62 1
62 39 1
39 73 1
73 39 1
39 74 1
74 39 1
40 61 1
61 40 1
40 67 1
67 40 1
40 79 1
79 40 1
40 80 1
80 40 1
41 48 1
48 41 1
41 49 1
49 41 1
41 58 1
58 41 1
41 62 1
62 41 1
41 68 1
68 41 1
41 71 1
71 41 1
41 72 1
72 41 1
41 79 1
79 41 1
41 80 1
80 41 1
42 45 1
45 42 1
42 47 1
47 42 1
42 48 1
48 42 1
42 54 1
54 42 1
42 56 1
56 42 1
42 57 1
57 42 1
42 70 1
70 42 1
42 74 1
74 42 1
42 78 1
78 42 1
43 47 1
47 43 1
43 51 1
51 43 1
43 55 1
55 43 1
43 59 1
59 43 1
43 60 1
60 43 1
43 62 1
62 43 1
43 65 1
65 43 1
43 66 1
66 43 1
44 50 1
50 44 1
44 51 1
51 44 1
44 52 1
52 44 1
44 53 1
53 44 1
44 54 1
54 44 1
44 56 1
56 44 1
44 70 1
70 44 1
45 51 1
51 45 1
45 69 1
69 45 1
45 70 1
70 45 1
45 74 1
74 45 1
45 77 1
77 45 1
46 59 1
59 46 1
46 71 1
71 46 1
46 78 1
78 46 1
46 79 1
79 46 1
47 49 1
49 47 1
47 52 1
52 47 1
47 60 1
60 47 1
47 63 1
63 47 1
47 64 1
64 47 1
47 65 1
65 47 1
47 66 1
66 47 1
47 67 1
67 47 1
47 69 1
69 47 1
47 78 1
78 47 1
48 52 1
52 48 1
48 54 1
54 48 1
48 59 1
59 48 1
48 64 1
64 48 1
48 65 1
65 48 1
48 74 1
74 48 1
48 78 1
78 48 1
48 79 1
79 48 1
49 54 1
54 49 1
49 55 1
55 49 1
49 59 1
59 49 1
49 62 1
62 49 1
49 64 1
64 49 1
49 72 1
72 49 1
49 74 1
74 49 1
50 55 1
55 50 1
50 59 1
59 50 1
50 63 1
63 50 1
50 65 1
65 50 1
50 70 1
70 50 1
50 74 1
74 50 1
50 78 1
78 50 1
51 68 1
68 51 1
51 69 1
69 51 1
51 77 1
77 51 1
52 60 1
60 52 1
52 62 1
62 52 1
52 68 1
68 52 1
52 70 1
70 52 1
52 79 1
79 52 1
52 80 1
80 52 1
53 55 1
55 53 1
53 58 1
58 53 1
53 65 1
65 53 1
53 69 1
69 53 1
53 73 1
73 53 1
53 76 1
76 53 1
53 77 1
77 53 1
54 57 1
57 54 1
54 59 1
59 54 1
54 67 1
67 54 1
54 71 1
71 54 1
54 74 1
74 54 1
54 77 1
77 54 1
54 80 1
80 54 1
55 64 1
64 55 1
55 67 1
67 55 1
55 70 1
70 55 1
55 71 1
71 55 1
55 73 1
73 55 1
56 60 1
60 56 1
56 62 1
62 56 1
56 66 1
66 56 1
56 75 1
75 56 1
56 76 1
76 56 1
56 78 1
78 56 1
57 59 1
59 57 1
57 63 1
63 57 1
57 79 1
79 57 1
58 67 1
67 58 1
59 63 1
63 59 1
59 75 1
75 59 1
59 77 1
77 59 1
59 80 1
80 59 1
60 61 1
61 60 1
60 62 1
62 60 1
60 63 1
63 60 1
61 63 1
63 61 1
61 65 1
65 61 1
61 70 1
70 61 1
61 79 1
79 61 1
62 63 1
63 62 1
62 70 1
70 62 1
62 75 1
75 62 1
63 65 1
65 63 1
63 69 1
69 63 1
63 72 1
72 63 1
63 76 1
76 63 1
63 79 1
79 63 1
64 70 1
70 64 1
64 73 1
73 64 1
65 68 1
68 65 1
65 69 1
69 65 1
65 73 1
73 65 1
65 75 1
75 65 1
65 77 1
77 65 1
65 80 1
80 65 1
66 67 1
67 66 1
66 69 1
69 66 1
66 73 1
73 66 1
66 76 1
76 66 1
67 68 1
68 67 1
67 74 1
74 67 1
67 78 1
78 67 1
68 72 1
72 68 1
68 75 1
75 68 1
69 72 1
72 69 1
70 71 1
71 70 1
70 78 1
78 70 1
70 79 1
79 70 1
71 72 1
72 71 1
72 73 1
73 72 1
72 74 1
74 72 1
72 80 1
80 72 1
73 74 1
74 73 1
75 78 1
78 75 1
76 80 1
80 76 1
77 78 1
78 77 1
S 10
1 2 3 5 7 8 10 14 16 19
T 10
6 4 15 11 12 9 13 17 18 20
