# meta: nome=i-i080-041-regiao-f2
# meta: familia=steinlib-i
# meta: classe=principal
# meta: das_compat=exata
# meta: instancia_original=i080-041
# meta: fonte=SteinLib
# meta: problema_original=Steiner em grafos
# meta: url=https://steinlib.zib.de/steinlib.php
# meta: referencia=Koch, Martin, Voss. SteinLib (KMV00)
# meta: transformacao=G-UNIT; maior componente conexa; não dirigido; passos unitários
# meta: regra_ST=ST-REGIAO
# meta: regra_r=R-FRAC:2 (lambda*=2)
# meta: seed=
# meta: script=src/converters/build_benchmark.py
# meta: commit_gerador=a647555
# meta: observacao=
N 80
M 1264
R 1
# u v length
1 4 1
4 1 1
1 9 1
9 1 1
1 10 1
10 1 1
1 12 1
12 1 1
1 13 1
13 1 1
1 14 1
14 1 1
1 20 1
20 1 1
1 23 1
23 1 1
1 25 1
25 1 1
1 35 1
35 1 1
1 42 1
42 1 1
1 44 1
44 1 1
1 45 1
45 1 1
1 46 1
46 1 1
1 47 1
47 1 1
1 48 1
48 1 1
1 63 1
63 1 1
1 66 1
66 1 1
1 67 1
67 1 1
1 69 1
69 1 1
1 73 1
73 1 1
2 4 1
4 2 1
2 5 1
5 2 1
2 7 1
7 2 1
2 10 1
10 2 1
2 30 1
30 2 1
2 39 1
39 2 1
2 40 1
40 2 1
2 50 1
50 2 1
2 51 1
51 2 1
2 55 1
55 2 1
2 58 1
58 2 1
2 66 1
66 2 1
2 67 1
67 2 1
2 69 1
69 2 1
2 70 1
70 2 1
2 71 1
71 2 1
2 73 1
73 2 1
2 79 1
79 2 1
3 4 1
4 3 1
3 7 1
7 3 1
3 15 1
15 3 1
3 20 1
20 3 1
3 23 1
23 3 1
3 24 1
24 3 1
3 28 1
28 3 1
3 32 1
32 3 1
3 33 1
33 3 1
3 36 1
36 3 1
3 37 1
37 3 1
3 47 1
47 3 1
3 54 1
54 3 1
3 66 1
66 3 1
3 68 1
68 3 1
3 72 1
72 3 1
3 73 1
73 3 1
3 77 1
77 3 1
4 7 1
7 4 1
4 10 1
10 4 1
4 13 1
13 4 1
4 15 1
15 4 1
4 19 1
19 4 1
4 23 1
23 4 1
4 24 1
24 4 1
4 25 1
25 4 1
4 33 1
33 4 1
4 34 1
34 4 1
4 38 1
38 4 1
4 61 1
61 4 1
4 65 1
65 4 1
4 66 1
66 4 1
4 70 1
70 4 1
5 10 1
10 5 1
5 21 1
21 5 1
5 22 1
22 5 1
5 25 1
25 5 1
5 29 1
29 5 1
5 31 1
31 5 1
5 47 1
47 5 1
5 52 1
52 5 1
5 60 1
60 5 1
5 67 1
67 5 1
5 71 1
71 5 1
5 73 1
73 5 1
5 75 1
75 5 1
5 76 1
76 5 1
6 10 1
10 6 1
6 15 1
15 6 1
6 22 1
22 6 1
6 28 1
28 6 1
6 33 1
33 6 1
6 39 1
39 6 1
6 40 1
40 6 1
6 41 1
41 6 1
6 55 1
55 6 1
6 59 1
59 6 1
6 60 1
60 6 1
6 66 1
66 6 1
6 69 1
69 6 1
6 72 1
72 6 1
6 78 1
78 6 1
6 80 1
80 6 1
7 16 1
16 7 1
7 18 1
18 7 1
7 27 1
27 7 1
7 28 1
28 7 1
7 37 1
37 7 1
7 42 1
42 7 1
7 50 1
50 7 1
7 54 1
54 7 1
7 55 1
55 7 1
7 62 1
62 7 1
7 74 1
74 7 1
7 76 1
76 7 1
8 9 1
9 8 1
8 13 1
13 8 1
8 16 1
16 8 1
8 18 1
18 8 1
8 24 1
24 8 1
8 26 1
26 8 1
8 29 1
29 8 1
8 37 1
37 8 1
8 38 1
38 8 1
8 43 1
43 8 1
8 48 1
48 8 1
8 60 1
60 8 1
8 67 1
67 8 1
8 70 1
70 8 1
8 73 1
73 8 1
8 74 1
74 8 1
8 75 1
75 8 1
8 77 1
77 8 1
9 16 1
16 9 1
9 17 1
17 9 1
9 21 1
21 9 1
9 39 1
39 9 1
9 40 1
40 9 1
9 42 1
42 9 1
9 45 1
45 9 1
9 54 1
54 9 1
9 62 1
62 9 1
9 74 1
74 9 1
9 75 1
75 9 1
9 76 1
76 9 1
9 77 1
77 9 1
9 78 1
78 9 1
9 80 1
80 9 1
10 15 1
15 10 1
10 17 1
17 10 1
10 22 1
22 10 1
10 23 1
23 10 1
10 33 1
33 10 1
10 36 1
36 10 1
10 47 1
47 10 1
10 48 1
48 10 1
10 50 1
50 10 1
10 51 1
51 10 1
10 53 1
53 10 1
10 67 1
67 10 1
10 71 1
71 10 1
10 74 1
74 10 1
11 13 1
13 11 1
11 17 1
17 11 1
11 20 1
20 11 1
11 21 1
21 11 1
11 32 1
32 11 1
11 33 1
33 11 1
11 35 1
35 11 1
11 38 1
38 11 1
11 45 1
45 11 1
11 48 1
48 11 1
11 80 1
80 11 1
12 17 1
17 12 1
12 22 1
22 12 1
12 23 1
23 12 1
12 26 1
26 12 1
12 29 1
29 12 1
12 30 1
30 12 1
12 31 1
31 12 1
12 34 1
34 12 1
12 48 1
48 12 1
12 54 1
54 12 1
12 59 1
59 12 1
12 65 1
65 12 1
12 67 1
67 12 1
12 68 1
68 12 1
12 78 1
78 12 1
13 19 1
19 13 1
13 20 1
20 13 1
13 21 1
21 13 1
13 25 1
25 13 1
13 28 1
28 13 1
13 33 1
33 13 1
13 37 1
37 13 1
13 38 1
38 13 1
13 39 1
39 13 1
13 40 1
40 13 1
13 43 1
43 13 1
13 44 1
44 13 1
13 54 1
54 13 1
13 55 1
55 13 1
13 62 1
62 13 1
13 63 1
63 13 1
13 70 1
70 13 1
13 79 1
79 13 1
14 24 1
24 14 1
14 30 1
30 14 1
14 32 1
32 14 1
14 34 1
34 14 1
14 37 1
37 14 1
14 38 1
38 14 1
14 47 1
47 14 1
14 49 1
49 14 1
14 50 1
50 14 1
14 59 1
59 14 1
14 63 1
63 14 1
14 69 1
69 14 1
15 29 1
29 15 1
15 30 1
30 15 1
15 41 1
41 15 1
15 46 1
46 15 1
15 50 1
50 15 1
15 53 1
53 15 1
15 57 1
57 15 1
15 60 1
60 15 1
15 69 1
69 15 1
15 73 1
73 15 1
15 75 1
75 15 1
15 80 1
80 15 1
16 18 1
18 16 1
16 36 1
36 16 1
16 41 1
41 16 1
16 42 1
42 16 1
16 52 1
52 16 1
16 53 1
53 16 1
16 62 1
62 16 1
16 75 1
75 16 1
17 29 1
29 17 1
17 30 1
30 17 1
17 31 1
31 17 1
17 32 1
32 17 1
17 35 1
35 17 1
17 48 1
48 17 1
17 51 1
51 17 1
17 75 1
75 17 1
17 76 1
76 17 1
17 77 1
77 17 1
17 78 1
78 17 1
17 79 1
79 17 1
17 80 1
80 17 1
18 26 1
26 18 1
18 31 1
31 18 1
18 32 1
32 18 1
18 37 1
37 18 1
18 46 1
46 18 1
18 53 1
53 18 1
18 70 1
70 18 1
19 27 1
27 19 1
19 35 1
35 19 1
19 41 1
41 19 1
19 42 1
42 19 1
19 51 1
51 19 1
19 53 1
53 19 1
19 62 1
62 19 1
19 64 1
64 19 1
19 65 1
65 19 1
20 25 1
25 20 1
20 26 1
26 20 1
20 27 1
27 20 1
20 29 1
29 20 1
20 32 1
32 20 1
20 37 1
37 20 1
20 38 1
38 20 1
20 45 1
45 20 1
20 49 1
49 20 1
20 63 1
63 20 1
20 64 1
64 20 1
20 67 1
67 20 1
20 68 1
68 20 1
20 71 1
71 20 1
20 72 1
72 20 1
20 80 1
80 20 1
21 24 1
24 21 1
21 27 1
27 21 1
21 29 1
29 21 1
21 39 1
39 21 1
21 41 1
41 21 1
21 43 1
43 21 1
21 50 1
50 21 1
21 58 1
58 21 1
21 67 1
67 21 1
21 75 1
75 21 1
21 80 1
80 21 1
22 26 1
26 22 1
22 28 1
28 22 1
22 33 1
33 22 1
22 34 1
34 22 1
22 37 1
37 22 1
22 38 1
38 22 1
22 41 1
41 22 1
22 43 1
43 22 1
22 49 1
49 22 1
22 50 1
50 22 1
22 56 1
56 22 1
22 59 1
59 22 1
22 62 1
62 22 1
22 67 1
67 22 1
22 76 1
76 22 1
22 78 1
78 22 1
23 28 1
28 23 1
23 41 1
41 23 1
23 43 1
43 23 1
23 45 1
45 23 1
23 49 1
49 23 1
23 54 1
54 23 1
23 57 1
57 23 1
23 63 1
63 23 1
23 65 1
65 23 1
23 66 1
66 23 1
23 68 1
68 23 1
23 71 1
71 23 1
23 73 1
73 23 1
23 80 1
80 23 1
24 26 1
26 24 1
24 30 1
30 24 1
24 34 1
34 24 1
24 42 1
42 24 1
24 45 1
45 24 1
24 47 1
47 24 1
24 53 1
53 24 1
24 55 1
55 24 1
24 59 1
59 24 1
24 63 1
63 24 1
24 64 1
64 24 1
24 68 1
68 24 1
24 69 1
69 24 1
24 74 1
74 24 1
25 43 1
43 25 1
25 44 1
44 25 1
25 67 1
67 25 1
25 68 1
68 25 1
25 73 1
73 25 1
25 74 1
74 25 1
25 78 1
78 25 1
25 79 1
79 25 1
26 36 1
36 26 1
26 37 1
37 26 1
26 39 1
39 26 1
26 41 1
41 26 1
26 43 1
43 26 1
26 45 1
45 26 1
26 47 1
47 26 1
26 51 1
51 26 1
26 52 1
52 26 1
26 72 1
72 26 1
26 73 1
73 26 1
26 76 1
76 26 1
27 28 1
28 27 1
27 29 1
29 27 1
27 46 1
46 27 1
27 48 1
48 27 1
27 55 1
55 27 1
27 58 1
58 27 1
27 59 1
59 27 1
27 61 1
61 27 1
27 62 1
62 27 1
27 65 1
65 27 1
27 74 1
74 27 1
27 77 1
77 27 1
27 78 1
78 27 1
28 29 1
29 28 1
28 39 1
39 28 1
28 43 1
43 28 1
28 47 1
47 28 1
28 50 1
50 28 1
28 52 1
52 28 1
28 54 1
54 28 1
28 57 1
57 28 1
28 68 1
68 28 1
29 32 1
32 29 1
29 34 1
34 29 1
29 37 1
37 29 1
29 45 1
45 29 1
29 50 1
50 29 1
29 51 1
51 29 1
29 58 1
58 29 1
29 62 1
62 29 1
29 64 1
64 29 1
29 74 1
74 29 1
29 75 1
75 29 1
30 32 1
32 30 1
30 33 1
33 30 1
30 40 1
40 30 1
30 51 1
51 30 1
30 54 1
54 30 1
30 61 1
61 30 1
30 69 1
69 30 1
30 71 1
71 30 1
30 73 1
73 30 1
30 79 1
79 30 1
31 44 1
44 31 1
31 52 1
52 31 1
31 54 1
54 31 1
31 65 1
65 31 1
31 67 1
67 31 1
31 68 1
68 31 1
31 70 1
70 31 1
32 36 1
36 32 1
32 51 1
51 32 1
32 71 1
71 32 1
32 77 1
77 32 1
33 35 1
35 33 1
33 37 1
37 33 1
33 38 1
38 33 1
33 47 1
47 33 1
33 48 1
48 33 1
33 70 1
70 33 1
33 72 1
72 33 1
33 75 1
75 33 1
33 80 1
80 33 1
34 38 1
38 34 1
34 41 1
41 34 1
34 48 1
48 34 1
34 70 1
70 34 1
34 71 1
71 34 1
35 42 1
42 35 1
35 48 1
48 35 1
35 51 1
51 35 1
35 52 1
52 35 1
35 62 1
62 35 1
35 63 1
63 35 1
35 74 1
74 35 1
35 76 1
76 35 1
35 77 1
77 35 1
36 43 1
43 36 1
36 50 1
50 36 1
36 51 1
51 36 1
36 56 1
56 36 1
36 63 1
63 36 1
36 65 1
65 36 1
36 67 1
67 36 1
36 70 1
70 36 1
36 72 1
72 36 1
37 45 1
45 37 1
37 47 1
47 37 1
37 53 1
53 37 1
37 58 1
58 37 1
37 60 1
60 37 1
37 66 1
66 37 1
37 73 1
73 37 1
37 76 1
76 37 1
37 79 1
79 37 1
38 45 1
45 38 1
38 48 1
48 38 1
38 54 1
54 38 1
38 63 1
63 38 1
38 64 1
64 38 1
38 74 1
74 38 1
38 75 1
75 38 1
39 47 1
47 39 1
39 58 1
58 39 1
39 61 1
61 39 1
39 65 1
65 39 1
39 68 1
68 39 1
40 41 1
41 40 1
40 42 1
42 40 1
40 51 1
51 40 1
40 58 1
58 40 1
40 61 1
61 40 1
40 63 1
63 40 1
40 66 1
66 40 1
40 75 1
75 40 1
40 76 1
76 40 1
40 79 1
79 40 1
41 49 1
49 41 1
41 52 1
52 41 1
41 54 1
54 41 1
41 58 1
58 41 1
41 59 1
59 41 1
41 62 1
62 41 1
41 73 1
73 41 1
41 77 1
77 41 1
41 78 1
78 41 1
42 45 1
45 42 1
42 51 1
51 42 1
42 52 1
52 42 1
42 58 1
58 42 1
42 64 1
64 42 1
42 67 1
67 42 1
42 68 1
68 42 1
42 71 1
71 42 1
42 72 1
72 42 1
43 45 1
45 43 1
43 48 1
48 43 1
43 49 1
49 43 1
43 50 1
50 43 1
43 54 1
54 43 1
43 63 1
63 43 1
43 65 1
65 43 1
43 67 1
67 43 1
43 75 1
75 43 1
44 48 1
48 44 1
44 51 1
51 44 1
44 54 1
54 44 1
44 55 1
55 44 1
44 56 1
56 44 1
44 61 1
61 44 1
44 65 1
65 44 1
44 72 1
72 44 1
44 75 1
75 44 1
44 77 1
77 44 1
45 47 1
47 45 1
45 48 1
48 45 1
45 53 1
53 45 1
45 56 1
56 45 1
45 73 1
73 45 1
45 78 1
78 45 1
46 49 1
49 46 1
46 51 1
51 46 1
46 57 1
57 46 1
46 61 1
61 46 1
46 66 1
66 46 1
46 68 1
68 46 1
46 70 1
70 46 1
46 71 1
71 46 1
46 73 1
73 46 1
46 76 1
76 46 1
46 79 1
79 46 1
47 53 1
53 47 1
47 80 1
80 47 1
48 50 1
50 48 1
48 51 1
51 48 1
48 63 1
63 48 1
48 65 1
65 48 1
48 76 1
76 48 1
48 77 1
77 48 1
48 78 1
78 48 1
48 79 1
79 48 1
49 55 1
55 49 1
49 56 1
56 49 1
49 58 1
58 49 1
49 65 1
65 49 1
49 66 1
66 49 1
49 67 1
67 49 1
49 71 1
71 49 1
49 72 1
72 49 1
49 76 1
76 49 1
50 51 1
51 50 1
50 52 1
52 50 1
50 53 1
53 50 1
50 68 1
68 50 1
50 74 1
74 50 1
51 55 1
55 51 1
51 57 1
57 51 1
52 54 1
54 52 1
52 58 1
58 52 1
52 60 1
60 52 1
52 74 1
74 52 1
52 75 1
75 52 1
52 77 1
77 52 1
53 54 1
54 53 1
53 65 1
65 53 1
53 67 1
67 53 1
53 68 1
68 53 1
53 71 1
71 53 1
53 73 1
73 53 1
54 55 1
55 54 1
54 56 1
56 54 1
54 62 1
62 54 1
54 64 1
64 54 1
54 71 1
71 54 1
54 75 1
75 54 1
55 57 1
57 55 1
55 58 1
58 55 1
55 59 1
59 55 1
55 61 1
61 55 1
55 62 1
62 55 1
55 65 1
65 55 1
55 66 1
66 55 1
55 69 1
69 55 1
56 57 1
57 56 1
56 68 1
68 56 1
56 71 1
71 56 1
56 78 1
78 56 1
57 65 1
65 57 1
57 70 1
70 57 1
57 73 1
73 57 1
57 76 1
76 57 1
58 63 1
63 58 1
58 69 1
69 58 1
58 77 1
77 58 1
59 67 1
67 59 1
59 69 1
69 59 1
59 73 1
73 59 1
59 74 1
74 59 1
60 63 1
63 60 1
60 75 1
75 60 1
60 78 1
78 60 1
61 75 1
75 61 1
61 79 1
79 61 1
62 65 1
65 62 1
62 78 1
78 62 1
63 71 1
71 63 1
63 73 1
73 63 1
63 76 1
76 63 1
64 66 1
66 64 1
64 70 1
70 64 1
64 74 1
74 64 1
65 76 1
76 65 1
65 78 1
78 65 1
66 72 1
72 66 1
66 75 1
75 66 1
66 79 1
79 66 1
67 70 1
70 67 1
67 71 1
71 67 1
67 77 1
77 67 1
67 78 1
78 67 1
68 75 1
75 68 1
69 70 1
70 69 1
69 71 1
71 69 1
69 74 1
74 69 1
69 77 1
77 69 1
70 73 1
73 70 1
70 76 1
76 70 1
71 80 1
80 71 1
72 78 1
78 72 1
72 79 1
79 72 1
74 78 1
78 74 1
74 79 1
79 74 1
74 80 1
80 74 1
76 79 1
79 76 1
77 78 1
78 77 1
S 3
6 1 3
T 3
4 2 5
