# meta: nome=i-i080-001-regiao-f2
# meta: familia=steinlib-i
# meta: classe=principal
# meta: das_compat=exata
# meta: instancia_original=i080-001
# meta: fonte=SteinLib
# meta: problema_original=Steiner em grafos
# meta: url=https://steinlib.zib.de/steinlib.php
# meta: referencia=Koch, Martin, Voss. SteinLib (KMV00)
# meta: transformacao=G-UNIT; maior componente conexa; não dirigido; passos unitários
# meta: regra_ST=ST-REGIAO
# meta: regra_r=R-FRAC:2 (lambda*=5)
# meta: seed=
# meta: script=src/converters/build_benchmark.py
# meta: commit_gerador=a647555
# meta: observacao=
N 80
M 240
R 3
# u v length
1 12 1
12 1 1
1 13 1
13 1 1
1 29 1
29 1 1
1 34 1
34 1 1
1 45 1
45 1 1
1 57 1
57 1 1
1 73 1
73 1 1
2 19 1
19 2 1
2 43 1
43 2 1
2 58 1
58 2 1
2 79 1
79 2 1
3 36 1
36 3 1
3 51 1
51 3 1
4 9 1
9 4 1
4 23 1
23 4 1
4 44 1
44 4 1
4 53 1
53 4 1
4 55 1
55 4 1
4 62 1
62 4 1
4 76 1
76 4 1
5 10 1
10 5 1
5 29 1
29 5 1
6 18 1
18 6 1
6 60 1
60 6 1
6 70 1
70 6 1
7 10 1
10 7 1
7 20 1
20 7 1
7 43 1
43 7 1
7 51 1
51 7 1
7 76 1
76 7 1
8 80 1
80 8 1
9 17 1
17 9 1
9 20 1
20 9 1
9 45 1
45 9 1
9 61 1
61 9 1
10 20 1
20 10 1
10 64 1
64 10 1
11 33 1
33 11 1
11 69 1
69 11 1
11 72 1
72 11 1
12 20 1
20 12 1
12 31 1
31 12 1
12 57 1
57 12 1
12 67 1
67 12 1
12 68 1
68 12 1
13 22 1
22 13 1
13 55 1
55 13 1
14 35 1
35 14 1
14 54 1
54 14 1
15 45 1
45 15 1
15 57 1
57 15 1
16 27 1
27 16 1
16 65 1
65 16 1
17 22 1
22 17 1
17 46 1
46 17 1
17 62 1
62 17 1
17 70 1
70 17 1
18 71 1
71 18 1
19 46 1
46 19 1
19 74 1
74 19 1
20 54 1
54 20 1
20 64 1
64 20 1
21 55 1
55 21 1
21 60 1
60 21 1
24 69 1
69 24 1
24 78 1
78 24 1
25 65 1
65 25 1
26 38 1
38 26 1
26 39 1
39 26 1
26 46 1
46 26 1
26 48 1
48 26 1
27 55 1
55 27 1
28 30 1
30 28 1
28 48 1
48 28 1
28 62 1
62 28 1
29 30 1
30 29 1
29 58 1
58 29 1
30 36 1
36 30 1
30 52 1
52 30 1
32 47 1
47 32 1
34 56 1
56 34 1
34 64 1
64 34 1
34 70 1
70 34 1
34 75 1
75 34 1
36 57 1
57 36 1
37 59 1
59 37 1
37 75 1
75 37 1
39 76 1
76 39 1
40 41 1
41 40 1
40 55 1
55 40 1
41 77 1
77 41 1
42 57 1
57 42 1
43 58 1
58 43 1
43 68 1
68 43 1
44 66 1
66 44 1
45 52 1
52 45 1
45 63 1
63 45 1
46 55 1
55 46 1
46 69 1
69 46 1
46 75 1
75 46 1
46 80 1
80 46 1
47 71 1
71 47 1
48 80 1
80 48 1
49 73 1
73 49 1
50 65 1
65 50 1
51 55 1
55 51 1
51 57 1
57 51 1
53 76 1
76 53 1
55 65 1
65 55 1
56 79 1
79 56 1
62 68 1
68 62 1
62 70 1
70 62 1
67 76 1
76 67 1
68 77 1
77 68 1
68 79 1
79 68 1
69 75 1
75 69 1
71 76 1
76 71 1
72 77 1
77 72 1
72 78 1
78 72 1
75 80 1
80 75 1
S 3
6 4 1
T 3
3 2 5
