# meta: nome=i-i080-301-regiao-f2
# meta: familia=steinlib-i
# meta: classe=principal
# meta: das_compat=exata
# meta: instancia_original=i080-301
# meta: fonte=SteinLib
# meta: problema_original=Steiner em grafos
# meta: url=https://steinlib.zib.de/steinlib.php
# meta: referencia=Koch, Martin, Voss. SteinLib (KMV00)
# meta: transformacao=G-UNIT; maior componente conexa; não dirigido; passos unitários
# meta: regra_ST=ST-REGIAO
# meta: regra_r=R-FRAC:2 (lambda*=4)
# meta: seed=
# meta: script=src/converters/build_benchmark.py
# meta: commit_gerador=a647555
# meta: observacao=
N 80
M 240
R 2
# u v length
1 15 1
15 1 1
1 20 1
20 1 1
1 43 1
43 1 1
1 50 1
50 1 1
1 55 1
55 1 1
1 68 1
68 1 1
1 72 1
72 1 1
2 50 1
50 2 1
3 25 1
25 3 1
3 34 1
34 3 1
3 55 1
55 3 1
3 73 1
73 3 1
3 80 1
80 3 1
4 47 1
47 4 1
4 76 1
76 4 1
5 10 1
10 5 1
6 18 1
18 6 1
6 43 1
43 6 1
6 79 1
79 6 1
7 25 1
25 7 1
8 19 1
19 8 1
8 41 1
41 8 1
9 41 1
41 9 1
9 47 1
47 9 1
10 16 1
16 10 1
10 60 1
60 10 1
11 12 1
12 11 1
11 58 1
58 11 1
12 32 1
32 12 1
12 35 1
35 12 1
12 57 1
57 12 1
12 74 1
74 12 1
12 77 1
77 12 1
13 19 1
19 13 1
13 57 1
57 13 1
13 76 1
76 13 1
14 33 1
33 14 1
14 41 1
41 14 1
16 17 1
17 16 1
16 28 1
28 16 1
16 40 1
40 16 1
16 49 1
49 16 1
16 52 1
52 16 1
16 70 1
70 16 1
16 78 1
78 16 1
17 34 1
34 17 1
17 44 1
44 17 1
17 69 1
69 17 1
18 43 1
43 18 1
18 62 1
62 18 1
18 67 1
67 18 1
19 37 1
37 19 1
19 53 1
53 19 1
19 59 1
59 19 1
20 29 1
29 20 1
20 42 1
42 20 1
20 78 1
78 20 1
21 66 1
66 21 1
22 32 1
32 22 1
23 45 1
45 23 1
23 79 1
79 23 1
24 76 1
76 24 1
24 78 1
78 24 1
25 40 1
40 25 1
25 53 1
53 25 1
26 27 1
27 26 1
26 57 1
57 26 1
26 58 1
58 26 1
27 45 1
45 27 1
27 48 1
48 27 1
28 36 1
36 28 1
28 38 1
38 28 1
28 44 1
44 28 1
30 70 1
70 30 1
31 78 1
78 31 1
33 50 1
50 33 1
33 71 1
71 33 1
34 51 1
51 34 1
34 57 1
57 34 1
34 59 1
59 34 1
34 60 1
60 34 1
35 38 1
38 35 1
35 51 1
51 35 1
36 75 1
75 36 1
37 44 1
44 37 1
37 65 1
65 37 1
38 59 1
59 38 1
38 74 1
74 38 1
39 53 1
53 39 1
41 60 1
60 41 1
41 71 1
71 41 1
41 73 1
73 41 1
42 46 1
46 42 1
42 52 1
52 42 1
45 46 1
46 45 1
45 57 1
57 45 1
45 74 1
74 45 1
45 76 1
76 45 1
46 63 1
63 46 1
47 73 1
73 47 1
48 73 1
73 48 1
49 51 1
51 49 1
49 70 1
70 49 1
50 60 1
60 50 1
50 72 1
72 50 1
51 61 1
61 51 1
51 74 1
74 51 1
52 69 1
69 52 1
52 72 1
72 52 1
53 64 1
64 53 1
53 66 1
66 53 1
54 58 1
58 54 1
54 72 1
72 54 1
56 72 1
72 56 1
60 63 1
63 60 1
62 72 1
72 62 1
62 79 1
79 62 1
63 75 1
75 63 1
65 72 1
72 65 1
67 74 1
74 67 1
S 10
13 4 12 19 8 11 17 7 9 3
T 10
5 10 14 16 2 6 18 20 1 15
