# meta: nome=i-i160-301-regiao-f2
# meta: familia=steinlib-i
# meta: classe=principal
# meta: das_compat=exata
# meta: instancia_original=i160-301
# meta: fonte=SteinLib
# meta: problema_original=Steiner em grafos
# meta: url=https://steinlib.zib.de/steinlib.php
# meta: referencia=Koch, Martin, Voss. SteinLib (KMV00)
# meta: transformacao=G-UNIT; maior componente conexa; não dirigido; passos unitários
# meta: regra_ST=ST-REGIAO
# meta: regra_r=R-FRAC:2 (lambda*=6)
# meta: seed=
# meta: script=src/converters/build_benchmark.py
# meta: commit_gerador=a647555
# meta: observacao=
N 160
M 480
R 3
# u v length
1 5 1
5 1 1
1 25 1
25 1 1
1 27 1
27 1 1
1 64 1
64 1 1
1 80 1
80 1 1
1 98 1
98 1 1
1 99 1
99 1 1
2 151 1
151 2 1
3 36 1
36 3 1
4 94 1
94 4 1
4 158 1
158 4 1
5 30 1
30 5 1
5 81 1
81 5 1
5 160 1
160 5 1
6 13 1
13 6 1
6 152 1
152 6 1
7 9 1
9 7 1
7 81 1
81 7 1
8 34 1
34 8 1
8 38 1
38 8 1
8 83 1
83 8 1
9 141 1
141 9 1
9 158 1
158 9 1
10 50 1
50 10 1
10 105 1
105 10 1
11 14 1
14 11 1
11 25 1
25 11 1
11 68 1
68 11 1
11 86 1
86 11 1
11 93 1
93 11 1
11 97 1
97 11 1
11 98 1
98 11 1
11 135 1
135 11 1
12 16 1
16 12 1
13 14 1
14 13 1
13 37 1
37 13 1
13 48 1
48 13 1
14 79 1
79 14 1
14 86 1
86 14 1
14 133 1
133 14 1
14 136 1
136 14 1
15 40 1
40 15 1
15 51 1
51 15 1
16 80 1
80 16 1
16 143 1
143 16 1
17 93 1
93 17 1
17 102 1
102 17 1
17 122 1
122 17 1
18 79 1
79 18 1
19 151 1
151 19 1
20 84 1
84 20 1
21 43 1
43 21 1
21 51 1
51 21 1
21 70 1
70 21 1
22 67 1
67 22 1
22 128 1
128 22 1
22 138 1
138 22 1
22 144 1
144 22 1
23 160 1
160 23 1
24 121 1
121 24 1
24 128 1
128 24 1
24 152 1
152 24 1
25 34 1
34 25 1
25 53 1
53 25 1
25 80 1
80 25 1
25 109 1
109 25 1
25 137 1
137 25 1
26 33 1
33 26 1
26 34 1
34 26 1
26 77 1
77 26 1
27 159 1
159 27 1
28 31 1
31 28 1
29 40 1
40 29 1
29 59 1
59 29 1
29 69 1
69 29 1
29 86 1
86 29 1
29 122 1
122 29 1
30 116 1
116 30 1
30 119 1
119 30 1
30 155 1
155 30 1
31 93 1
93 31 1
31 112 1
112 31 1
32 98 1
98 32 1
32 134 1
134 32 1
33 54 1
54 33 1
33 88 1
88 33 1
33 96 1
96 33 1
34 63 1
63 34 1
34 82 1
82 34 1
34 85 1
85 34 1
35 58 1
58 35 1
35 101 1
101 35 1
35 129 1
129 35 1
35 137 1
137 35 1
35 151 1
151 35 1
36 47 1
47 36 1
36 53 1
53 36 1
36 72 1
72 36 1
36 79 1
79 36 1
38 112 1
112 38 1
38 117 1
117 38 1
39 73 1
73 39 1
39 131 1
131 39 1
39 140 1
140 39 1
41 44 1
44 41 1
41 118 1
118 41 1
42 82 1
82 42 1
42 124 1
124 42 1
43 48 1
48 43 1
43 64 1
64 43 1
44 58 1
58 44 1
44 89 1
89 44 1
44 106 1
106 44 1
44 132 1
132 44 1
45 80 1
80 45 1
45 131 1
131 45 1
46 144 1
144 46 1
47 116 1
116 47 1
47 125 1
125 47 1
47 131 1
131 47 1
49 122 1
122 49 1
49 140 1
140 49 1
50 120 1
120 50 1
51 82 1
82 51 1
52 135 1
135 52 1
53 59 1
59 53 1
53 97 1
97 53 1
53 131 1
131 53 1
54 68 1
68 54 1
54 85 1
85 54 1
54 104 1
104 54 1
54 136 1
136 54 1
55 57 1
57 55 1
55 67 1
67 55 1
56 122 1
122 56 1
56 159 1
159 56 1
57 87 1
87 57 1
57 111 1
111 57 1
58 62 1
62 58 1
58 98 1
98 58 1
58 126 1
126 58 1
60 113 1
113 60 1
60 143 1
143 60 1
60 158 1
158 60 1
61 81 1
81 61 1
61 98 1
98 61 1
61 107 1
107 61 1
62 64 1
64 62 1
62 132 1
132 62 1
63 89 1
89 63 1
63 105 1
105 63 1
63 117 1
117 63 1
64 72 1
72 64 1
64 78 1
78 64 1
64 84 1
84 64 1
64 110 1
110 64 1
64 139 1
139 64 1
65 98 1
98 65 1
66 82 1
82 66 1
66 122 1
122 66 1
66 135 1
135 66 1
67 112 1
112 67 1
67 157 1
157 67 1
68 113 1
113 68 1
68 135 1
135 68 1
69 117 1
117 69 1
70 94 1
94 70 1
70 145 1
145 70 1
71 129 1
129 71 1
72 75 1
75 72 1
72 96 1
96 72 1
72 120 1
120 72 1
73 128 1
128 73 1
74 113 1
113 74 1
75 104 1
104 75 1
75 155 1
155 75 1
76 98 1
98 76 1
76 111 1
111 76 1
76 153 1
153 76 1
77 81 1
81 77 1
77 124 1
124 77 1
78 111 1
111 78 1
78 140 1
140 78 1
79 103 1
103 79 1
82 110 1
110 82 1
82 159 1
159 82 1
83 110 1
110 83 1
84 148 1
148 84 1
84 149 1
149 84 1
85 120 1
120 85 1
87 91 1
91 87 1
87 116 1
116 87 1
87 158 1
158 87 1
88 137 1
137 88 1
89 128 1
128 89 1
89 133 1
133 89 1
90 98 1
98 90 1
90 116 1
116 90 1
91 97 1
97 91 1
92 148 1
148 92 1
94 100 1
100 94 1
94 119 1
119 94 1
94 128 1
128 94 1
95 113 1
113 95 1
97 156 1
156 97 1
98 114 1
114 98 1
98 145 1
145 98 1
100 154 1
154 100 1
103 110 1
110 103 1
103 121 1
121 103 1
104 111 1
111 104 1
106 147 1
147 106 1
107 112 1
112 107 1
107 150 1
150 107 1
108 128 1
128 108 1
110 122 1
122 110 1
112 145 1
145 112 1
112 155 1
155 112 1
115 133 1
133 115 1
115 150 1
150 115 1
115 156 1
156 115 1
116 134 1
134 116 1
117 127 1
127 117 1
118 121 1
121 118 1
118 123 1
123 118 1
120 133 1
133 120 1
120 157 1
157 120 1
123 146 1
146 123 1
123 153 1
153 123 1
125 158 1
158 125 1
127 145 1
145 127 1
128 142 1
142 128 1
130 150 1
150 130 1
131 146 1
146 131 1
132 158 1
158 132 1
133 143 1
143 133 1
133 154 1
154 133 1
143 158 1
158 143 1
145 150 1
150 145 1
146 160 1
160 146 1
S 20
40 15 29 17 21 6 13 14 18 37 38 3 10 11 28 31 36 39 4 8
T 20
20 23 24 26 27 34 1 5 7 9 12 16 22 25 30 32 33 35 2 19
