# meta: nome=puc-bip42p-seed-r1
# meta: familia=puc
# meta: classe=principal
# meta: das_compat=exata
# meta: instancia_original=bip42p
# meta: fonte=SteinLib
# meta: problema_original=Steiner em grafos
# meta: url=https://steinlib.zib.de/steinlib.php
# meta: referencia=Koch, Martin, Voss. SteinLib (KMV00); PUC: Rosseti et al. (2001), a confirmar
# meta: transformacao=G-UNIT; maior componente conexa; não dirigido; passos unitários
# meta: regra_ST=ST-SEED:42
# meta: regra_r=R-1 (lambda*=2)
# meta: seed=42
# meta: script=src/converters/build_benchmark.py
# meta: commit_gerador=a647555
# meta: observacao=mesmo A_r de instances/bip42p.txt
N 1200
M 7964
R 1
# u v length
1 1058 1
1058 1 1
1 1078 1
1078 1 1
1 1101 1
1101 1 1
1 1103 1
1103 1 1
1 1187 1
1187 1 1
1 1188 1
1188 1 1
2 1047 1
1047 2 1
2 1088 1
1088 2 1
2 1121 1
1121 2 1
2 1176 1
1176 2 1
2 1191 1
1191 2 1
3 1048 1
1048 3 1
3 1103 1
1103 3 1
3 1162 1
1162 3 1
3 1191 1
1191 3 1
4 1070 1
1070 4 1
4 1088 1
1088 4 1
4 1125 1
1125 4 1
4 1156 1
1156 4 1
5 1068 1
1068 5 1
5 1090 1
1090 5 1
5 1157 1
1157 5 1
5 1185 1
1185 5 1
6 1031 1
1031 6 1
6 1111 1
1111 6 1
6 1113 1
1113 6 1
6 1174 1
1174 6 1
7 1028 1
1028 7 1
7 1097 1
1097 7 1
7 1141 1
1141 7 1
8 1103 1
1103 8 1
8 1167 1
1167 8 1
8 1198 1
1198 8 1
9 1056 1
1056 9 1
9 1180 1
1180 9 1
10 1002 1
1002 10 1
10 1120 1
1120 10 1
10 1150 1
1150 10 1
10 1176 1
1176 10 1
11 1031 1
1031 11 1
11 1102 1
1102 11 1
11 1137 1
1137 11 1
11 1142 1
1142 11 1
12 1015 1
1015 12 1
12 1028 1
1028 12 1
12 1095 1
1095 12 1
13 1144 1
1144 13 1
13 1193 1
1193 13 1
14 1065 1
1065 14 1
14 1072 1
1072 14 1
15 1039 1
1039 15 1
15 1163 1
1163 15 1
16 1083 1
1083 16 1
17 1002 1
1002 17 1
17 1004 1
1004 17 1
17 1005 1
1005 17 1
17 1075 1
1075 17 1
17 1105 1
1105 17 1
17 1111 1
1111 17 1
17 1192 1
1192 17 1
17 1197 1
1197 17 1
18 1001 1
1001 18 1
18 1007 1
1007 18 1
18 1052 1
1052 18 1
18 1057 1
1057 18 1
18 1128 1
1128 18 1
18 1132 1
1132 18 1
18 1156 1
1156 18 1
18 1188 1
1188 18 1
19 1012 1
1012 19 1
19 1036 1
1036 19 1
19 1046 1
1046 19 1
19 1095 1
1095 19 1
19 1146 1
1146 19 1
19 1148 1
1148 19 1
19 1184 1
1184 19 1
19 1191 1
1191 19 1
20 1030 1
1030 20 1
20 1040 1
1040 20 1
20 1061 1
1061 20 1
20 1159 1
1159 20 1
20 1170 1
1170 20 1
20 1195 1
1195 20 1
21 1009 1
1009 21 1
21 1023 1
1023 21 1
21 1052 1
1052 21 1
21 1090 1
1090 21 1
21 1187 1
1187 21 1
22 1007 1
1007 22 1
22 1023 1
1023 22 1
22 1114 1
1114 22 1
22 1164 1
1164 22 1
23 1026 1
1026 23 1
23 1138 1
1138 23 1
23 1179 1
1179 23 1
23 1190 1
1190 23 1
24 1049 1
1049 24 1
24 1087 1
1087 24 1
24 1141 1
1141 24 1
25 1123 1
1123 25 1
25 1158 1
1158 25 1
25 1166 1
1166 25 1
26 1041 1
1041 26 1
26 1114 1
1114 26 1
26 1173 1
1173 26 1
27 1157 1
1157 27 1
27 1200 1
1200 27 1
28 1004 1
1004 28 1
28 1051 1
1051 28 1
29 1008 1
1008 29 1
29 1017 1
1017 29 1
29 1035 1
1035 29 1
29 1039 1
1039 29 1
29 1051 1
1051 29 1
29 1097 1
1097 29 1
29 1110 1
1110 29 1
30 1017 1
1017 30 1
30 1019 1
1019 30 1
30 1045 1
1045 30 1
30 1054 1
1054 30 1
30 1072 1
1072 30 1
30 1105 1
1105 30 1
31 1024 1
1024 31 1
31 1044 1
1044 31 1
31 1071 1
1071 31 1
31 1075 1
1075 31 1
31 1152 1
1152 31 1
32 1045 1
1045 32 1
32 1057 1
1057 32 1
32 1093 1
1093 32 1
32 1118 1
1118 32 1
32 1127 1
1127 32 1
33 1008 1
1008 33 1
33 1078 1
1078 33 1
33 1087 1
1087 33 1
33 1125 1
1125 33 1
33 1187 1
1187 33 1
34 1011 1
1011 34 1
34 1030 1
1030 34 1
34 1062 1
1062 34 1
34 1174 1
1174 34 1
35 1107 1
1107 35 1
35 1127 1
1127 35 1
35 1140 1
1140 35 1
35 1180 1
1180 35 1
36 1176 1
1176 36 1
36 1189 1
1189 36 1
36 1200 1
1200 36 1
37 1064 1
1064 37 1
37 1181 1
1181 37 1
37 1184 1
1184 37 1
38 1132 1
1132 38 1
38 1145 1
1145 38 1
38 1148 1
1148 38 1
39 1123 1
1123 39 1
39 1148 1
1148 39 1
39 1181 1
1181 39 1
40 1032 1
1032 40 1
40 1100 1
1100 40 1
41 1022 1
1022 41 1
41 1095 1
1095 41 1
42 1154 1
1154 42 1
43 1037 1
1037 43 1
43 1039 1
1039 43 1
43 1045 1
1045 43 1
43 1084 1
1084 43 1
43 1106 1
1106 43 1
43 1110 1
1110 43 1
43 1192 1
1192 43 1
44 1116 1
1116 44 1
44 1118 1
1118 44 1
44 1124 1
1124 44 1
44 1161 1
1161 44 1
44 1183 1
1183 44 1
44 1189 1
1189 44 1
45 1057 1
1057 45 1
45 1074 1
1074 45 1
45 1082 1
1082 45 1
45 1098 1
1098 45 1
45 1149 1
1149 45 1
45 1189 1
1189 45 1
46 1026 1
1026 46 1
46 1073 1
1073 46 1
46 1095 1
1095 46 1
46 1097 1
1097 46 1
46 1187 1
1187 46 1
47 1025 1
1025 47 1
47 1028 1
1028 47 1
47 1058 1
1058 47 1
47 1117 1
1117 47 1
47 1147 1
1147 47 1
48 1014 1
1014 48 1
48 1047 1
1047 48 1
48 1123 1
1123 48 1
48 1161 1
1161 48 1
49 1073 1
1073 49 1
49 1074 1
1074 49 1
49 1106 1
1106 49 1
49 1194 1
1194 49 1
50 1035 1
1035 50 1
50 1040 1
1040 50 1
50 1066 1
1066 50 1
50 1131 1
1131 50 1
51 1110 1
1110 51 1
51 1139 1
1139 51 1
51 1141 1
1141 51 1
51 1149 1
1149 51 1
52 1066 1
1066 52 1
52 1138 1
1138 52 1
52 1144 1
1144 52 1
53 1130 1
1130 53 1
53 1154 1
1154 53 1
53 1170 1
1170 53 1
54 1011 1
1011 54 1
54 1055 1
1055 54 1
54 1193 1
1193 54 1
55 1044 1
1044 55 1
55 1111 1
1111 55 1
56 1099 1
1099 56 1
57 1171 1
1171 57 1
58 1044 1
1044 58 1
58 1083 1
1083 58 1
58 1089 1
1089 58 1
58 1125 1
1125 58 1
58 1129 1
1129 58 1
58 1130 1
1130 58 1
58 1153 1
1153 58 1
58 1159 1
1159 58 1
58 1197 1
1197 58 1
59 1002 1
1002 59 1
59 1016 1
1016 59 1
59 1049 1
1049 59 1
59 1053 1
1053 59 1
59 1102 1
1102 59 1
59 1136 1
1136 59 1
59 1174 1
1174 59 1
60 1062 1
1062 60 1
60 1064 1
1064 60 1
60 1072 1
1072 60 1
60 1153 1
1153 60 1
60 1180 1
1180 60 1
60 1186 1
1186 60 1
61 1020 1
1020 61 1
61 1023 1
1023 61 1
61 1160 1
1160 61 1
61 1175 1
1175 61 1
61 1195 1
1195 61 1
62 1018 1
1018 62 1
62 1064 1
1064 62 1
62 1100 1
1100 62 1
62 1109 1
1109 62 1
62 1182 1
1182 62 1
63 1026 1
1026 63 1
63 1059 1
1059 63 1
63 1065 1
1065 63 1
63 1069 1
1069 63 1
63 1151 1
1151 63 1
64 1019 1
1019 64 1
64 1081 1
1081 64 1
64 1146 1
1146 64 1
64 1198 1
1198 64 1
65 1016 1
1016 65 1
65 1082 1
1082 65 1
65 1145 1
1145 65 1
65 1178 1
1178 65 1
66 1067 1
1067 66 1
66 1068 1
1068 66 1
66 1155 1
1155 66 1
66 1192 1
1192 66 1
67 1032 1
1032 67 1
67 1085 1
1085 67 1
67 1143 1
1143 67 1
67 1146 1
1146 67 1
68 1008 1
1008 68 1
68 1023 1
1023 68 1
68 1028 1
1028 68 1
68 1105 1
1105 68 1
68 1121 1
1121 68 1
68 1142 1
1142 68 1
69 1011 1
1011 69 1
69 1096 1
1096 69 1
69 1106 1
1106 69 1
69 1134 1
1134 69 1
69 1143 1
1143 69 1
69 1146 1
1146 69 1
70 1005 1
1005 70 1
70 1038 1
1038 70 1
70 1056 1
1056 70 1
70 1083 1
1083 70 1
70 1135 1
1135 70 1
70 1147 1
1147 70 1
71 1040 1
1040 71 1
71 1065 1
1065 71 1
71 1157 1
1157 71 1
71 1172 1
1172 71 1
71 1191 1
1191 71 1
72 1062 1
1062 72 1
72 1100 1
1100 72 1
72 1144 1
1144 72 1
72 1170 1
1170 72 1
72 1180 1
1180 72 1
73 1021 1
1021 73 1
73 1047 1
1047 73 1
73 1070 1
1070 73 1
73 1092 1
1092 73 1
74 1116 1
1116 74 1
74 1193 1
1193 74 1
75 1030 1
1030 75 1
75 1195 1
1195 75 1
76 1024 1
1024 76 1
76 1050 1
1050 76 1
76 1056 1
1056 76 1
76 1087 1
1087 76 1
76 1196 1
1196 76 1
77 1018 1
1018 77 1
77 1076 1
1076 77 1
77 1090 1
1090 77 1
77 1091 1
1091 77 1
77 1192 1
1192 77 1
78 1044 1
1044 78 1
78 1081 1
1081 78 1
78 1158 1
1158 78 1
78 1188 1
1188 78 1
79 1032 1
1032 79 1
79 1107 1
1107 79 1
79 1155 1
1155 79 1
79 1171 1
1171 79 1
80 1101 1
1101 80 1
80 1166 1
1166 80 1
80 1181 1
1181 80 1
81 1196 1
1196 81 1
82 1043 1
1043 82 1
82 1066 1
1066 82 1
82 1072 1
1072 82 1
82 1116 1
1116 82 1
82 1131 1
1131 82 1
82 1151 1
1151 82 1
83 1062 1
1062 83 1
83 1094 1
1094 83 1
83 1148 1
1148 83 1
83 1162 1
1162 83 1
83 1173 1
1173 83 1
84 1056 1
1056 84 1
84 1065 1
1065 84 1
84 1067 1
1067 84 1
84 1140 1
1140 84 1
85 1081 1
1081 85 1
85 1114 1
1114 85 1
85 1146 1
1146 85 1
85 1179 1
1179 85 1
86 1032 1
1032 86 1
86 1111 1
1111 86 1
86 1181 1
1181 86 1
86 1189 1
1189 86 1
87 1070 1
1070 87 1
87 1114 1
1114 87 1
87 1119 1
1119 87 1
87 1174 1
1174 87 1
88 1108 1
1108 88 1
88 1122 1
1122 88 1
88 1140 1
1140 88 1
89 1035 1
1035 89 1
89 1122 1
1122 89 1
89 1179 1
1179 89 1
90 1070 1
1070 90 1
90 1196 1
1196 90 1
91 1012 1
1012 91 1
91 1019 1
1019 91 1
91 1023 1
1023 91 1
91 1066 1
1066 91 1
91 1101 1
1101 91 1
91 1148 1
1148 91 1
92 1045 1
1045 92 1
92 1049 1
1049 92 1
92 1092 1
1092 92 1
92 1130 1
1130 92 1
92 1169 1
1169 92 1
93 1026 1
1026 93 1
93 1051 1
1051 93 1
93 1175 1
1175 93 1
93 1189 1
1189 93 1
94 1026 1
1026 94 1
94 1085 1
1085 94 1
94 1129 1
1129 94 1
94 1200 1
1200 94 1
95 1055 1
1055 95 1
95 1103 1
1103 95 1
95 1141 1
1141 95 1
95 1176 1
1176 95 1
96 1181 1
1181 96 1
96 1190 1
1190 96 1
97 1049 1
1049 97 1
97 1077 1
1077 97 1
98 1032 1
1032 98 1
98 1055 1
1055 98 1
99 1093 1
1093 99 1
100 1047 1
1047 100 1
101 1028 1
1028 101 1
101 1030 1
1030 101 1
101 1035 1
1035 101 1
101 1044 1
1044 101 1
101 1115 1
1115 101 1
101 1131 1
1131 101 1
101 1143 1
1143 101 1
101 1165 1
1165 101 1
101 1180 1
1180 101 1
102 1036 1
1036 102 1
102 1077 1
1077 102 1
102 1094 1
1094 102 1
102 1098 1
1098 102 1
102 1106 1
1106 102 1
102 1127 1
1127 102 1
102 1137 1
1137 102 1
102 1150 1
1150 102 1
103 1010 1
1010 103 1
103 1011 1
1011 103 1
103 1018 1
1018 103 1
103 1045 1
1045 103 1
103 1054 1
1054 103 1
103 1068 1
1068 103 1
103 1082 1
1082 103 1
104 1005 1
1005 104 1
104 1020 1
1020 104 1
104 1087 1
1087 104 1
104 1091 1
1091 104 1
104 1108 1
1108 104 1
105 1040 1
1040 105 1
105 1046 1
1046 105 1
105 1113 1
1113 105 1
105 1131 1
1131 105 1
105 1178 1
1178 105 1
106 1083 1
1083 106 1
106 1102 1
1102 106 1
106 1107 1
1107 106 1
106 1163 1
1163 106 1
106 1170 1
1170 106 1
107 1059 1
1059 107 1
107 1147 1
1147 107 1
107 1162 1
1162 107 1
107 1181 1
1181 107 1
107 1189 1
1189 107 1
108 1025 1
1025 108 1
108 1032 1
1032 108 1
108 1040 1
1040 108 1
108 1041 1
1041 108 1
108 1142 1
1142 108 1
109 1078 1
1078 109 1
109 1083 1
1083 109 1
109 1123 1
1123 109 1
110 1102 1
1102 110 1
110 1149 1
1149 110 1
111 1039 1
1039 111 1
112 1008 1
1008 112 1
112 1041 1
1041 112 1
112 1080 1
1080 112 1
112 1127 1
1127 112 1
112 1176 1
1176 112 1
113 1001 1
1001 113 1
113 1015 1
1015 113 1
113 1045 1
1045 113 1
113 1076 1
1076 113 1
113 1104 1
1104 113 1
114 1114 1
1114 114 1
114 1116 1
1116 114 1
114 1133 1
1133 114 1
114 1196 1
1196 114 1
115 1020 1
1020 115 1
115 1072 1
1072 115 1
115 1106 1
1106 115 1
115 1120 1
1120 115 1
116 1093 1
1093 116 1
116 1129 1
1129 116 1
116 1143 1
1143 116 1
116 1191 1
1191 116 1
117 1112 1
1112 117 1
117 1121 1
1121 117 1
117 1139 1
1139 117 1
117 1183 1
1183 117 1
118 1037 1
1037 118 1
118 1182 1
1182 118 1
118 1195 1
1195 118 1
119 1045 1
1045 119 1
119 1130 1
1130 119 1
119 1186 1
1186 119 1
120 1098 1
1098 120 1
120 1126 1
1126 120 1
120 1170 1
1170 120 1
121 1197 1
1197 121 1
122 1068 1
1068 122 1
122 1073 1
1073 122 1
122 1083 1
1083 122 1
122 1119 1
1119 122 1
122 1146 1
1146 122 1
122 1187 1
1187 122 1
122 1188 1
1188 122 1
123 1017 1
1017 123 1
123 1127 1
1127 123 1
123 1130 1
1130 123 1
123 1148 1
1148 123 1
123 1158 1
1158 123 1
123 1173 1
1173 123 1
123 1176 1
1176 123 1
124 1005 1
1005 124 1
124 1036 1
1036 124 1
124 1065 1
1065 124 1
124 1067 1
1067 124 1
124 1194 1
1194 124 1
124 1200 1
1200 124 1
125 1015 1
1015 125 1
125 1135 1
1135 125 1
125 1137 1
1137 125 1
125 1142 1
1142 125 1
125 1191 1
1191 125 1
126 1059 1
1059 126 1
126 1064 1
1064 126 1
126 1133 1
1133 126 1
126 1143 1
1143 126 1
126 1166 1
1166 126 1
127 1009 1
1009 127 1
127 1064 1
1064 127 1
127 1113 1
1113 127 1
127 1166 1
1166 127 1
128 1013 1
1013 128 1
128 1047 1
1047 128 1
128 1097 1
1097 128 1
128 1124 1
1124 128 1
129 1077 1
1077 129 1
129 1117 1
1117 129 1
129 1192 1
1192 129 1
130 1056 1
1056 130 1
130 1122 1
1122 130 1
130 1138 1
1138 130 1
131 1037 1
1037 131 1
131 1177 1
1177 131 1
131 1194 1
1194 131 1
132 1038 1
1038 132 1
132 1099 1
1099 132 1
132 1117 1
1117 132 1
133 1048 1
1048 133 1
133 1148 1
1148 133 1
133 1154 1
1154 133 1
134 1145 1
1145 134 1
134 1146 1
1146 134 1
135 1111 1
1111 135 1
135 1140 1
1140 135 1
136 1021 1
1021 136 1
136 1042 1
1042 136 1
136 1043 1
1043 136 1
136 1077 1
1077 136 1
136 1137 1
1137 136 1
136 1157 1
1157 136 1
136 1161 1
1161 136 1
137 1084 1
1084 137 1
137 1091 1
1091 137 1
137 1096 1
1096 137 1
137 1145 1
1145 137 1
137 1173 1
1173 137 1
137 1193 1
1193 137 1
138 1035 1
1035 138 1
138 1092 1
1092 138 1
138 1101 1
1101 138 1
138 1125 1
1125 138 1
138 1165 1
1165 138 1
139 1139 1
1139 139 1
139 1181 1
1181 139 1
139 1192 1
1192 139 1
140 1015 1
1015 140 1
140 1092 1
1092 140 1
140 1197 1
1197 140 1
141 1167 1
1167 141 1
141 1186 1
1186 141 1
142 1018 1
1018 142 1
142 1099 1
1099 142 1
143 1044 1
1044 143 1
143 1182 1
1182 143 1
144 1053 1
1053 144 1
144 1064 1
1064 144 1
144 1106 1
1106 144 1
144 1115 1
1115 144 1
144 1118 1
1118 144 1
144 1122 1
1122 144 1
144 1147 1
1147 144 1
144 1151 1
1151 144 1
145 1016 1
1016 145 1
145 1027 1
1027 145 1
145 1032 1
1032 145 1
145 1157 1
1157 145 1
146 1007 1
1007 146 1
146 1043 1
1043 146 1
146 1047 1
1047 146 1
146 1180 1
1180 146 1
147 1037 1
1037 147 1
147 1043 1
1043 147 1
147 1053 1
1053 147 1
147 1088 1
1088 147 1
148 1043 1
1043 148 1
148 1107 1
1107 148 1
148 1133 1
1133 148 1
148 1184 1
1184 148 1
149 1064 1
1064 149 1
149 1088 1
1088 149 1
149 1094 1
1094 149 1
149 1121 1
1121 149 1
150 1030 1
1030 150 1
150 1092 1
1092 150 1
150 1161 1
1161 150 1
151 1160 1
1160 151 1
151 1200 1
1200 151 1
152 1057 1
1057 152 1
152 1058 1
1058 152 1
153 1045 1
1045 153 1
153 1081 1
1081 153 1
153 1138 1
1138 153 1
153 1150 1
1150 153 1
153 1152 1
1152 153 1
153 1173 1
1173 153 1
153 1188 1
1188 153 1
154 1040 1
1040 154 1
154 1096 1
1096 154 1
154 1122 1
1122 154 1
154 1127 1
1127 154 1
154 1186 1
1186 154 1
154 1198 1
1198 154 1
155 1012 1
1012 155 1
155 1019 1
1019 155 1
155 1023 1
1023 155 1
155 1132 1
1132 155 1
155 1133 1
1133 155 1
156 1039 1
1039 156 1
156 1123 1
1123 156 1
156 1162 1
1162 156 1
156 1168 1
1168 156 1
156 1176 1
1176 156 1
157 1021 1
1021 157 1
157 1059 1
1059 157 1
157 1066 1
1066 157 1
157 1171 1
1171 157 1
158 1154 1
1154 158 1
158 1183 1
1183 158 1
158 1198 1
1198 158 1
159 1047 1
1047 159 1
159 1138 1
1138 159 1
159 1195 1
1195 159 1
160 1040 1
1040 160 1
160 1079 1
1079 160 1
160 1094 1
1094 160 1
161 1033 1
1033 161 1
161 1108 1
1108 161 1
161 1130 1
1130 161 1
162 1038 1
1038 162 1
162 1188 1
1188 162 1
163 1005 1
1005 163 1
163 1012 1
1012 163 1
163 1013 1
1013 163 1
163 1039 1
1039 163 1
163 1067 1
1067 163 1
163 1071 1
1071 163 1
163 1084 1
1084 163 1
163 1089 1
1089 163 1
163 1168 1
1168 163 1
163 1176 1
1176 163 1
164 1001 1
1001 164 1
164 1041 1
1041 164 1
164 1132 1
1132 164 1
164 1140 1
1140 164 1
164 1184 1
1184 164 1
165 1004 1
1004 165 1
165 1052 1
1052 165 1
165 1064 1
1064 165 1
165 1135 1
1135 165 1
165 1186 1
1186 165 1
166 1041 1
1041 166 1
166 1045 1
1045 166 1
166 1057 1
1057 166 1
166 1059 1
1059 166 1
166 1120 1
1120 166 1
167 1076 1
1076 167 1
167 1099 1
1099 167 1
167 1115 1
1115 167 1
167 1128 1
1128 167 1
167 1138 1
1138 167 1
168 1034 1
1034 168 1
168 1068 1
1068 168 1
168 1177 1
1177 168 1
168 1181 1
1181 168 1
169 1134 1
1134 169 1
169 1152 1
1152 169 1
169 1153 1
1153 169 1
169 1188 1
1188 169 1
170 1118 1
1118 170 1
170 1159 1
1159 170 1
170 1198 1
1198 170 1
171 1145 1
1145 171 1
172 1030 1
1030 172 1
172 1039 1
1039 172 1
172 1073 1
1073 172 1
172 1078 1
1078 172 1
172 1118 1
1118 172 1
172 1133 1
1133 172 1
172 1164 1
1164 172 1
173 1014 1
1014 173 1
173 1078 1
1078 173 1
173 1126 1
1126 173 1
173 1166 1
1166 173 1
173 1184 1
1184 173 1
174 1010 1
1010 174 1
174 1044 1
1044 174 1
174 1054 1
1054 174 1
174 1065 1
1065 174 1
174 1190 1
1190 174 1
175 1046 1
1046 175 1
175 1089 1
1089 175 1
175 1132 1
1132 175 1
175 1193 1
1193 175 1
176 1058 1
1058 176 1
176 1096 1
1096 176 1
176 1112 1
1112 176 1
176 1152 1
1152 176 1
177 1006 1
1006 177 1
177 1051 1
1051 177 1
177 1154 1
1154 177 1
177 1182 1
1182 177 1
178 1006 1
1006 178 1
178 1114 1
1114 178 1
178 1136 1
1136 178 1
178 1150 1
1150 178 1
179 1027 1
1027 179 1
179 1053 1
1053 179 1
179 1148 1
1148 179 1
179 1150 1
1150 179 1
180 1090 1
1090 180 1
180 1128 1
1128 180 1
180 1169 1
1169 180 1
181 1128 1
1128 181 1
181 1189 1
1189 181 1
182 1162 1
1162 182 1
182 1187 1
1187 182 1
183 1014 1
1014 183 1
183 1035 1
1035 183 1
184 1002 1
1002 184 1
184 1028 1
1028 184 1
184 1068 1
1068 184 1
184 1189 1
1189 184 1
184 1196 1
1196 184 1
185 1009 1
1009 185 1
185 1050 1
1050 185 1
185 1119 1
1119 185 1
185 1135 1
1135 185 1
185 1176 1
1176 185 1
186 1090 1
1090 186 1
186 1097 1
1097 186 1
186 1114 1
1114 186 1
186 1168 1
1168 186 1
187 1008 1
1008 187 1
187 1083 1
1083 187 1
187 1088 1
1088 187 1
187 1153 1
1153 187 1
188 1034 1
1034 188 1
188 1146 1
1146 188 1
188 1161 1
1161 188 1
188 1179 1
1179 188 1
189 1095 1
1095 189 1
189 1097 1
1097 189 1
189 1177 1
1177 189 1
190 1168 1
1168 190 1
190 1175 1
1175 190 1
191 1014 1
1014 191 1
191 1137 1
1137 191 1
192 1025 1
1025 192 1
192 1035 1
1035 192 1
192 1138 1
1138 192 1
192 1148 1
1148 192 1
192 1159 1
1159 192 1
192 1187 1
1187 192 1
192 1191 1
1191 192 1
193 1062 1
1062 193 1
193 1108 1
1108 193 1
193 1150 1
1150 193 1
193 1182 1
1182 193 1
193 1197 1
1197 193 1
194 1132 1
1132 194 1
194 1142 1
1142 194 1
194 1158 1
1158 194 1
194 1166 1
1166 194 1
195 1058 1
1058 195 1
195 1111 1
1111 195 1
195 1119 1
1119 195 1
196 1046 1
1046 196 1
196 1120 1
1120 196 1
196 1135 1
1135 196 1
197 1170 1
1170 197 1
197 1192 1
1192 197 1
198 1055 1
1055 198 1
198 1082 1
1082 198 1
199 1021 1
1021 199 1
199 1120 1
1120 199 1
200 1034 1
1034 200 1
200 1053 1
1053 200 1
200 1088 1
1088 200 1
200 1170 1
1170 200 1
200 1194 1
1194 200 1
201 1032 1
1032 201 1
201 1058 1
1058 201 1
201 1087 1
1087 201 1
201 1156 1
1156 201 1
202 1013 1
1013 202 1
202 1098 1
1098 202 1
202 1141 1
1141 202 1
202 1188 1
1188 202 1
203 1005 1
1005 203 1
203 1020 1
1020 203 1
203 1065 1
1065 203 1
203 1084 1
1084 203 1
204 1052 1
1052 204 1
204 1080 1
1080 204 1
204 1094 1
1094 204 1
204 1106 1
1106 204 1
205 1143 1
1143 205 1
205 1178 1
1178 205 1
205 1193 1
1193 205 1
206 1006 1
1006 206 1
206 1013 1
1013 206 1
206 1098 1
1098 206 1
207 1012 1
1012 207 1
207 1024 1
1024 207 1
207 1114 1
1114 207 1
208 1113 1
1113 208 1
209 1029 1
1029 209 1
209 1037 1
1037 209 1
209 1057 1
1057 209 1
209 1059 1
1059 209 1
209 1124 1
1124 209 1
209 1147 1
1147 209 1
209 1178 1
1178 209 1
210 1006 1
1006 210 1
210 1030 1
1030 210 1
210 1078 1
1078 210 1
210 1122 1
1122 210 1
210 1131 1
1131 210 1
210 1137 1
1137 210 1
210 1197 1
1197 210 1
211 1024 1
1024 211 1
211 1043 1
1043 211 1
211 1062 1
1062 211 1
211 1116 1
1116 211 1
212 1047 1
1047 212 1
212 1074 1
1074 212 1
212 1115 1
1115 212 1
212 1159 1
1159 212 1
213 1019 1
1019 213 1
213 1158 1
1158 213 1
213 1179 1
1179 213 1
213 1188 1
1188 213 1
214 1064 1
1064 214 1
214 1193 1
1193 214 1
214 1196 1
1196 214 1
215 1044 1
1044 215 1
215 1088 1
1088 215 1
215 1168 1
1168 215 1
216 1042 1
1042 216 1
217 1137 1
1137 217 1
218 1004 1
1004 218 1
218 1019 1
1019 218 1
218 1072 1
1072 218 1
218 1107 1
1107 218 1
218 1116 1
1116 218 1
218 1133 1
1133 218 1
218 1159 1
1159 218 1
218 1196 1
1196 218 1
219 1050 1
1050 219 1
219 1051 1
1051 219 1
219 1066 1
1066 219 1
219 1083 1
1083 219 1
219 1093 1
1093 219 1
219 1169 1
1169 219 1
219 1197 1
1197 219 1
220 1003 1
1003 220 1
220 1007 1
1007 220 1
220 1031 1
1031 220 1
220 1079 1
1079 220 1
220 1123 1
1123 220 1
220 1170 1
1170 220 1
220 1178 1
1178 220 1
221 1041 1
1041 221 1
221 1055 1
1055 221 1
221 1113 1
1113 221 1
221 1121 1
1121 221 1
221 1134 1
1134 221 1
221 1171 1
1171 221 1
222 1041 1
1041 222 1
222 1081 1
1081 222 1
222 1135 1
1135 222 1
222 1144 1
1144 222 1
222 1148 1
1148 222 1
222 1184 1
1184 222 1
223 1007 1
1007 223 1
223 1038 1
1038 223 1
223 1067 1
1067 223 1
223 1164 1
1164 223 1
224 1039 1
1039 224 1
224 1111 1
1111 224 1
224 1113 1
1113 224 1
224 1189 1
1189 224 1
225 1058 1
1058 225 1
225 1094 1
1094 225 1
225 1096 1
1096 225 1
225 1172 1
1172 225 1
226 1019 1
1019 226 1
226 1066 1
1066 226 1
226 1082 1
1082 226 1
226 1129 1
1129 226 1
227 1022 1
1022 227 1
227 1104 1
1104 227 1
227 1184 1
1184 227 1
227 1197 1
1197 227 1
228 1059 1
1059 228 1
228 1085 1
1085 228 1
228 1132 1
1132 228 1
229 1090 1
1090 229 1
229 1118 1
1118 229 1
229 1168 1
1168 229 1
230 1091 1
1091 230 1
230 1181 1
1181 230 1
231 1038 1
1038 231 1
231 1153 1
1153 231 1
232 1070 1
1070 232 1
232 1094 1
1094 232 1
233 1053 1
1053 233 1
234 1006 1
1006 234 1
234 1013 1
1013 234 1
234 1021 1
1021 234 1
234 1076 1
1076 234 1
234 1084 1
1084 234 1
234 1102 1
1102 234 1
234 1172 1
1172 234 1
235 1018 1
1018 235 1
235 1024 1
1024 235 1
235 1064 1
1064 235 1
235 1075 1
1075 235 1
235 1078 1
1078 235 1
235 1091 1
1091 235 1
235 1094 1
1094 235 1
236 1030 1
1030 236 1
236 1044 1
1044 236 1
236 1080 1
1080 236 1
236 1122 1
1122 236 1
236 1162 1
1162 236 1
236 1171 1
1171 236 1
237 1042 1
1042 237 1
237 1062 1
1062 237 1
237 1090 1
1090 237 1
237 1151 1
1151 237 1
238 1002 1
1002 238 1
238 1007 1
1007 238 1
238 1023 1
1023 238 1
238 1172 1
1172 238 1
239 1007 1
1007 239 1
239 1061 1
1061 239 1
239 1065 1
1065 239 1
239 1185 1
1185 239 1
240 1080 1
1080 240 1
240 1104 1
1104 240 1
240 1153 1
1153 240 1
241 1035 1
1035 241 1
241 1037 1
1037 241 1
242 1042 1
1042 242 1
242 1104 1
1104 242 1
243 1060 1
1060 243 1
243 1065 1
1065 243 1
243 1096 1
1096 243 1
243 1135 1
1135 243 1
243 1168 1
1168 243 1
243 1179 1
1179 243 1
244 1024 1
1024 244 1
244 1058 1
1058 244 1
244 1106 1
1106 244 1
244 1115 1
1115 244 1
244 1131 1
1131 244 1
244 1136 1
1136 244 1
245 1008 1
1008 245 1
245 1024 1
1024 245 1
245 1035 1
1035 245 1
245 1104 1
1104 245 1
245 1112 1
1112 245 1
245 1159 1
1159 245 1
246 1050 1
1050 246 1
246 1072 1
1072 246 1
246 1109 1
1109 246 1
246 1135 1
1135 246 1
246 1163 1
1163 246 1
247 1016 1
1016 247 1
247 1062 1
1062 247 1
247 1105 1
1105 247 1
247 1184 1
1184 247 1
248 1141 1
1141 248 1
248 1155 1
1155 248 1
249 1178 1
1178 249 1
249 1198 1
1198 249 1
250 1041 1
1041 250 1
250 1057 1
1057 250 1
250 1067 1
1067 250 1
250 1082 1
1082 250 1
250 1111 1
1111 250 1
250 1185 1
1185 250 1
250 1194 1
1194 250 1
251 1027 1
1027 251 1
251 1078 1
1078 251 1
251 1079 1
1079 251 1
251 1161 1
1161 251 1
251 1178 1
1178 251 1
252 1029 1
1029 252 1
252 1056 1
1056 252 1
252 1064 1
1064 252 1
252 1075 1
1075 252 1
253 1022 1
1022 253 1
253 1048 1
1048 253 1
253 1073 1
1073 253 1
253 1107 1
1107 253 1
254 1002 1
1002 254 1
254 1006 1
1006 254 1
254 1036 1
1036 254 1
255 1072 1
1072 255 1
255 1077 1
1077 255 1
255 1167 1
1167 255 1
256 1019 1
1019 256 1
256 1068 1
1068 256 1
256 1086 1
1086 256 1
257 1065 1
1065 257 1
257 1136 1
1136 257 1
257 1187 1
1187 257 1
258 1142 1
1142 258 1
258 1157 1
1157 258 1
259 1016 1
1016 259 1
259 1174 1
1174 259 1
260 1016 1
1016 260 1
260 1039 1
1039 260 1
260 1083 1
1083 260 1
260 1174 1
1174 260 1
260 1189 1
1189 260 1
260 1200 1
1200 260 1
261 1076 1
1076 261 1
261 1085 1
1085 261 1
261 1092 1
1092 261 1
261 1138 1
1138 261 1
261 1153 1
1153 261 1
261 1183 1
1183 261 1
262 1046 1
1046 262 1
262 1060 1
1060 262 1
262 1127 1
1127 262 1
262 1132 1
1132 262 1
262 1142 1
1142 262 1
262 1194 1
1194 262 1
263 1039 1
1039 263 1
263 1053 1
1053 263 1
263 1070 1
1070 263 1
263 1086 1
1086 263 1
263 1094 1
1094 263 1
264 1047 1
1047 264 1
264 1149 1
1149 264 1
264 1165 1
1165 264 1
264 1180 1
1180 264 1
265 1046 1
1046 265 1
265 1083 1
1083 265 1
265 1146 1
1146 265 1
265 1187 1
1187 265 1
266 1011 1
1011 266 1
266 1135 1
1135 266 1
267 1100 1
1100 267 1
267 1149 1
1149 267 1
268 1068 1
1068 268 1
268 1125 1
1125 268 1
269 1055 1
1055 269 1
269 1180 1
1180 269 1
270 1001 1
1001 270 1
270 1103 1
1103 270 1
271 1049 1
1049 271 1
272 1021 1
1021 272 1
272 1051 1
1051 272 1
272 1066 1
1066 272 1
272 1090 1
1090 272 1
272 1125 1
1125 272 1
273 1003 1
1003 273 1
273 1026 1
1026 273 1
273 1028 1
1028 273 1
273 1110 1
1110 273 1
274 1076 1
1076 274 1
274 1086 1
1086 274 1
274 1112 1
1112 274 1
274 1152 1
1152 274 1
275 1012 1
1012 275 1
275 1100 1
1100 275 1
275 1148 1
1148 275 1
275 1174 1
1174 275 1
276 1076 1
1076 276 1
276 1098 1
1098 276 1
277 1051 1
1051 277 1
277 1146 1
1146 277 1
278 1048 1
1048 278 1
278 1135 1
1135 278 1
278 1146 1
1146 278 1
278 1172 1
1172 278 1
279 1026 1
1026 279 1
279 1131 1
1131 279 1
279 1143 1
1143 279 1
279 1174 1
1174 279 1
280 1014 1
1014 280 1
280 1049 1
1049 280 1
280 1191 1
1191 280 1
280 1197 1
1197 280 1
281 1130 1
1130 281 1
281 1133 1
1133 281 1
281 1148 1
1148 281 1
282 1051 1
1051 282 1
283 1102 1
1102 283 1
284 1003 1
1003 284 1
284 1055 1
1055 284 1
284 1071 1
1071 284 1
284 1174 1
1174 284 1
284 1175 1
1175 284 1
285 1008 1
1008 285 1
285 1037 1
1037 285 1
285 1049 1
1049 285 1
285 1110 1
1110 285 1
285 1158 1
1158 285 1
286 1048 1
1048 286 1
286 1102 1
1102 286 1
286 1116 1
1116 286 1
286 1132 1
1132 286 1
286 1169 1
1169 286 1
287 1060 1
1060 287 1
287 1113 1
1113 287 1
287 1148 1
1148 287 1
287 1162 1
1162 287 1
287 1183 1
1183 287 1
288 1026 1
1026 288 1
288 1054 1
1054 288 1
288 1143 1
1143 288 1
288 1160 1
1160 288 1
289 1005 1
1005 289 1
289 1035 1
1035 289 1
289 1121 1
1121 289 1
289 1176 1
1176 289 1
290 1010 1
1010 290 1
290 1099 1
1099 290 1
290 1126 1
1126 290 1
291 1013 1
1013 291 1
291 1080 1
1080 291 1
291 1155 1
1155 291 1
292 1044 1
1044 292 1
292 1046 1
1046 292 1
292 1054 1
1054 292 1
292 1074 1
1074 292 1
292 1149 1
1149 292 1
292 1164 1
1164 292 1
292 1190 1
1190 292 1
293 1051 1
1051 293 1
293 1097 1
1097 293 1
293 1099 1
1099 293 1
293 1105 1
1105 293 1
293 1157 1
1157 293 1
293 1168 1
1168 293 1
294 1003 1
1003 294 1
294 1009 1
1009 294 1
294 1061 1
1061 294 1
294 1125 1
1125 294 1
294 1191 1
1191 294 1
294 1199 1
1199 294 1
295 1130 1
1130 295 1
295 1134 1
1134 295 1
295 1158 1
1158 295 1
296 1153 1
1153 296 1
296 1161 1
1161 296 1
297 1022 1
1022 297 1
297 1057 1
1057 297 1
297 1091 1
1091 297 1
297 1095 1
1095 297 1
297 1098 1
1098 297 1
297 1178 1
1178 297 1
297 1196 1
1196 297 1
298 1015 1
1015 298 1
298 1016 1
1016 298 1
298 1041 1
1041 298 1
298 1056 1
1056 298 1
298 1067 1
1067 298 1
298 1136 1
1136 298 1
299 1020 1
1020 299 1
299 1023 1
1023 299 1
299 1059 1
1059 299 1
299 1066 1
1066 299 1
299 1077 1
1077 299 1
300 1024 1
1024 300 1
300 1071 1
1071 300 1
300 1096 1
1096 300 1
300 1109 1
1109 300 1
301 1122 1
1122 301 1
301 1156 1
1156 301 1
301 1187 1
1187 301 1
301 1190 1
1190 301 1
302 1072 1
1072 302 1
302 1074 1
1074 302 1
302 1098 1
1098 302 1
302 1168 1
1168 302 1
303 1035 1
1035 303 1
303 1183 1
1183 303 1
304 1025 1
1025 304 1
304 1157 1
1157 304 1
305 1114 1
1114 305 1
306 1018 1
1018 306 1
306 1029 1
1029 306 1
306 1075 1
1075 306 1
306 1089 1
1089 306 1
306 1119 1
1119 306 1
306 1134 1
1134 306 1
306 1143 1
1143 306 1
306 1158 1
1158 306 1
307 1016 1
1016 307 1
307 1018 1
1018 307 1
307 1043 1
1043 307 1
307 1055 1
1055 307 1
307 1074 1
1074 307 1
307 1143 1
1143 307 1
308 1091 1
1091 308 1
308 1092 1
1092 308 1
308 1093 1
1093 308 1
308 1108 1
1108 308 1
308 1155 1
1155 308 1
309 1001 1
1001 309 1
309 1007 1
1007 309 1
309 1013 1
1013 309 1
309 1036 1
1036 309 1
309 1104 1
1104 309 1
310 1101 1
1101 310 1
310 1132 1
1132 310 1
310 1146 1
1146 310 1
310 1157 1
1157 310 1
311 1046 1
1046 311 1
311 1134 1
1134 311 1
311 1154 1
1154 311 1
311 1175 1
1175 311 1
312 1057 1
1057 312 1
312 1058 1
1058 312 1
312 1102 1
1102 312 1
312 1158 1
1158 312 1
313 1055 1
1055 313 1
313 1080 1
1080 313 1
313 1083 1
1083 313 1
313 1114 1
1114 313 1
314 1094 1
1094 314 1
314 1095 1
1095 314 1
314 1134 1
1134 314 1
315 1191 1
1191 315 1
315 1192 1
1192 315 1
316 1184 1
1184 316 1
317 1004 1
1004 317 1
317 1055 1
1055 317 1
317 1099 1
1099 317 1
317 1110 1
1110 317 1
317 1157 1
1157 317 1
317 1178 1
1178 317 1
317 1185 1
1185 317 1
317 1193 1
1193 317 1
318 1050 1
1050 318 1
318 1059 1
1059 318 1
318 1084 1
1084 318 1
318 1100 1
1100 318 1
318 1115 1
1115 318 1
318 1163 1
1163 318 1
318 1199 1
1199 318 1
319 1013 1
1013 319 1
319 1061 1
1061 319 1
319 1067 1
1067 319 1
319 1124 1
1124 319 1
319 1134 1
1134 319 1
319 1157 1
1157 319 1
319 1172 1
1172 319 1
320 1001 1
1001 320 1
320 1031 1
1031 320 1
320 1100 1
1100 320 1
320 1168 1
1168 320 1
320 1190 1
1190 320 1
320 1200 1
1200 320 1
321 1015 1
1015 321 1
321 1071 1
1071 321 1
321 1097 1
1097 321 1
321 1139 1
1139 321 1
321 1155 1
1155 321 1
322 1029 1
1029 322 1
322 1051 1
1051 322 1
322 1104 1
1104 322 1
322 1171 1
1171 322 1
323 1083 1
1083 323 1
323 1124 1
1124 323 1
323 1176 1
1176 323 1
323 1184 1
1184 323 1
324 1077 1
1077 324 1
324 1088 1
1088 324 1
324 1126 1
1126 324 1
324 1151 1
1151 324 1
325 1013 1
1013 325 1
325 1093 1
1093 325 1
325 1184 1
1184 325 1
325 1197 1
1197 325 1
326 1084 1
1084 326 1
326 1112 1
1112 326 1
326 1138 1
1138 326 1
327 1043 1
1043 327 1
327 1141 1
1141 327 1
327 1198 1
1198 327 1
328 1040 1
1040 328 1
328 1061 1
1061 328 1
328 1077 1
1077 328 1
329 1012 1
1012 329 1
329 1059 1
1059 329 1
329 1060 1
1060 329 1
330 1081 1
1081 330 1
330 1110 1
1110 330 1
330 1153 1
1153 330 1
331 1056 1
1056 331 1
331 1060 1
1060 331 1
331 1142 1
1142 331 1
332 1058 1
1058 332 1
332 1115 1
1115 332 1
332 1133 1
1133 332 1
333 1099 1
1099 333 1
333 1113 1
1113 333 1
333 1168 1
1168 333 1
334 1033 1
1033 334 1
334 1104 1
1104 334 1
335 1039 1
1039 335 1
335 1087 1
1087 335 1
336 1117 1
1117 336 1
336 1130 1
1130 336 1
337 1039 1
1039 337 1
337 1122 1
1122 337 1
337 1134 1
1134 337 1
337 1171 1
1171 337 1
337 1175 1
1175 337 1
338 1076 1
1076 338 1
338 1163 1
1163 338 1
338 1174 1
1174 338 1
338 1181 1
1181 338 1
339 1016 1
1016 339 1
339 1034 1
1034 339 1
339 1144 1
1144 339 1
339 1195 1
1195 339 1
340 1004 1
1004 340 1
340 1006 1
1006 340 1
340 1089 1
1089 340 1
340 1100 1
1100 340 1
341 1107 1
1107 341 1
341 1177 1
1177 341 1
342 1079 1
1079 342 1
342 1092 1
1092 342 1
343 1008 1
1008 343 1
343 1010 1
1010 343 1
343 1053 1
1053 343 1
343 1073 1
1073 343 1
343 1096 1
1096 343 1
343 1104 1
1104 343 1
343 1137 1
1137 343 1
343 1150 1
1150 343 1
343 1167 1
1167 343 1
343 1180 1
1180 343 1
344 1006 1
1006 344 1
344 1020 1
1020 344 1
344 1032 1
1032 344 1
344 1060 1
1060 344 1
344 1106 1
1106 344 1
344 1122 1
1122 344 1
344 1131 1
1131 344 1
345 1017 1
1017 345 1
345 1051 1
1051 345 1
345 1053 1
1053 345 1
345 1077 1
1077 345 1
345 1087 1
1087 345 1
345 1138 1
1138 345 1
345 1165 1
1165 345 1
346 1003 1
1003 346 1
346 1030 1
1030 346 1
346 1111 1
1111 346 1
346 1128 1
1128 346 1
346 1152 1
1152 346 1
346 1172 1
1172 346 1
347 1009 1
1009 347 1
347 1017 1
1017 347 1
347 1034 1
1034 347 1
347 1071 1
1071 347 1
347 1127 1
1127 347 1
348 1012 1
1012 348 1
348 1066 1
1066 348 1
348 1104 1
1104 348 1
348 1194 1
1194 348 1
349 1042 1
1042 349 1
349 1062 1
1062 349 1
349 1116 1
1116 349 1
349 1185 1
1185 349 1
350 1010 1
1010 350 1
350 1073 1
1073 350 1
350 1135 1
1135 350 1
350 1155 1
1155 350 1
351 1149 1
1149 351 1
351 1150 1
1150 351 1
351 1161 1
1161 351 1
352 1153 1
1153 352 1
352 1163 1
1163 352 1
352 1167 1
1167 352 1
353 1092 1
1092 353 1
353 1151 1
1151 353 1
353 1160 1
1160 353 1
354 1015 1
1015 354 1
354 1036 1
1036 354 1
354 1117 1
1117 354 1
355 1002 1
1002 355 1
355 1025 1
1025 355 1
355 1133 1
1133 355 1
356 1038 1
1038 356 1
356 1074 1
1074 356 1
356 1175 1
1175 356 1
357 1088 1
1088 357 1
357 1185 1
1185 357 1
358 1073 1
1073 358 1
358 1103 1
1103 358 1
359 1016 1
1016 359 1
359 1032 1
1032 359 1
359 1042 1
1042 359 1
359 1050 1
1050 359 1
359 1074 1
1074 359 1
359 1115 1
1115 359 1
359 1122 1
1122 359 1
359 1193 1
1193 359 1
360 1056 1
1056 360 1
360 1133 1
1133 360 1
360 1134 1
1134 360 1
360 1139 1
1139 360 1
360 1159 1
1159 360 1
360 1182 1
1182 360 1
360 1195 1
1195 360 1
361 1038 1
1038 361 1
361 1045 1
1045 361 1
361 1050 1
1050 361 1
361 1094 1
1094 361 1
361 1102 1
1102 361 1
361 1182 1
1182 361 1
361 1190 1
1190 361 1
362 1049 1
1049 362 1
362 1063 1
1063 362 1
362 1108 1
1108 362 1
362 1138 1
1138 362 1
362 1159 1
1159 362 1
362 1177 1
1177 362 1
362 1196 1
1196 362 1
363 1005 1
1005 363 1
363 1026 1
1026 363 1
363 1035 1
1035 363 1
363 1071 1
1071 363 1
363 1096 1
1096 363 1
363 1097 1
1097 363 1
364 1026 1
1026 364 1
364 1081 1
1081 364 1
364 1088 1
1088 364 1
364 1095 1
1095 364 1
364 1142 1
1142 364 1
364 1177 1
1177 364 1
365 1066 1
1066 365 1
365 1097 1
1097 365 1
365 1100 1
1100 365 1
365 1182 1
1182 365 1
365 1189 1
1189 365 1
366 1070 1
1070 366 1
366 1093 1
1093 366 1
366 1146 1
1146 366 1
366 1165 1
1165 366 1
366 1185 1
1185 366 1
367 1008 1
1008 367 1
367 1040 1
1040 367 1
367 1156 1
1156 367 1
367 1188 1
1188 367 1
368 1023 1
1023 368 1
368 1068 1
1068 368 1
368 1135 1
1135 368 1
368 1170 1
1170 368 1
369 1050 1
1050 369 1
369 1109 1
1109 369 1
369 1120 1
1120 369 1
369 1123 1
1123 369 1
370 1006 1
1006 370 1
370 1034 1
1034 370 1
370 1066 1
1066 370 1
370 1168 1
1168 370 1
371 1020 1
1020 371 1
371 1052 1
1052 371 1
371 1069 1
1069 371 1
372 1031 1
1031 372 1
372 1033 1
1033 372 1
373 1093 1
1093 373 1
373 1100 1
1100 373 1
374 1019 1
1019 374 1
374 1177 1
1177 374 1
375 1108 1
1108 375 1
376 1057 1
1057 376 1
376 1060 1
1060 376 1
376 1063 1
1063 376 1
376 1078 1
1078 376 1
376 1098 1
1098 376 1
376 1117 1
1117 376 1
376 1118 1
1118 376 1
376 1146 1
1146 376 1
377 1037 1
1037 377 1
377 1043 1
1043 377 1
377 1062 1
1062 377 1
377 1069 1
1069 377 1
377 1086 1
1086 377 1
377 1126 1
1126 377 1
377 1129 1
1129 377 1
378 1036 1
1036 378 1
378 1042 1
1042 378 1
378 1147 1
1147 378 1
378 1167 1
1167 378 1
378 1169 1
1169 378 1
378 1177 1
1177 378 1
379 1015 1
1015 379 1
379 1026 1
1026 379 1
379 1158 1
1158 379 1
379 1166 1
1166 379 1
379 1185 1
1185 379 1
380 1006 1
1006 380 1
380 1032 1
1032 380 1
380 1077 1
1077 380 1
380 1128 1
1128 380 1
381 1001 1
1001 381 1
381 1005 1
1005 381 1
381 1046 1
1046 381 1
381 1082 1
1082 381 1
382 1056 1
1056 382 1
382 1080 1
1080 382 1
383 1018 1
1018 383 1
383 1184 1
1184 383 1
384 1109 1
1109 384 1
385 1077 1
1077 385 1
385 1105 1
1105 385 1
385 1164 1
1164 385 1
385 1169 1
1169 385 1
385 1175 1
1175 385 1
386 1031 1
1031 386 1
386 1046 1
1046 386 1
386 1094 1
1094 386 1
386 1168 1
1168 386 1
386 1173 1
1173 386 1
387 1069 1
1069 387 1
387 1081 1
1081 387 1
387 1100 1
1100 387 1
387 1180 1
1180 387 1
388 1184 1
1184 388 1
388 1187 1
1187 388 1
388 1190 1
1190 388 1
389 1020 1
1020 389 1
389 1067 1
1067 389 1
389 1147 1
1147 389 1
390 1080 1
1080 390 1
390 1163 1
1163 390 1
390 1187 1
1187 390 1
391 1008 1
1008 391 1
391 1031 1
1031 391 1
391 1043 1
1043 391 1
392 1020 1
1020 392 1
392 1044 1
1044 392 1
392 1053 1
1053 392 1
393 1018 1
1018 393 1
393 1031 1
1031 393 1
394 1108 1
1108 394 1
395 1022 1
1022 395 1
395 1078 1
1078 395 1
395 1110 1
1110 395 1
395 1128 1
1128 395 1
395 1158 1
1158 395 1
395 1196 1
1196 395 1
396 1054 1
1054 396 1
396 1079 1
1079 396 1
396 1131 1
1131 396 1
396 1176 1
1176 396 1
396 1179 1
1179 396 1
397 1010 1
1010 397 1
397 1079 1
1079 397 1
397 1149 1
1149 397 1
397 1197 1
1197 397 1
398 1082 1
1082 398 1
398 1091 1
1091 398 1
398 1192 1
1192 398 1
399 1138 1
1138 399 1
399 1176 1
1176 399 1
399 1196 1
1196 399 1
400 1073 1
1073 400 1
400 1166 1
1166 400 1
401 1062 1
1062 401 1
401 1067 1
1067 401 1
402 1042 1
1042 402 1
402 1052 1
1052 402 1
402 1087 1
1087 402 1
402 1089 1
1089 402 1
402 1150 1
1150 402 1
402 1180 1
1180 402 1
402 1187 1
1187 402 1
403 1013 1
1013 403 1
403 1070 1
1070 403 1
403 1073 1
1073 403 1
403 1090 1
1090 403 1
403 1103 1
1103 403 1
403 1122 1
1122 403 1
403 1187 1
1187 403 1
404 1001 1
1001 404 1
404 1079 1
1079 404 1
404 1107 1
1107 404 1
404 1118 1
1118 404 1
404 1123 1
1123 404 1
404 1195 1
1195 404 1
404 1200 1
1200 404 1
405 1004 1
1004 405 1
405 1013 1
1013 405 1
405 1062 1
1062 405 1
405 1078 1
1078 405 1
405 1119 1
1119 405 1
405 1158 1
1158 405 1
405 1165 1
1165 405 1
406 1006 1
1006 406 1
406 1058 1
1058 406 1
406 1085 1
1085 406 1
406 1142 1
1142 406 1
406 1191 1
1191 406 1
407 1004 1
1004 407 1
407 1047 1
1047 407 1
407 1092 1
1092 407 1
407 1133 1
1133 407 1
408 1008 1
1008 408 1
408 1116 1
1116 408 1
408 1196 1
1196 408 1
409 1054 1
1054 409 1
409 1094 1
1094 409 1
409 1158 1
1158 409 1
410 1001 1
1001 410 1
410 1060 1
1060 410 1
410 1088 1
1088 410 1
411 1055 1
1055 411 1
411 1073 1
1073 411 1
411 1117 1
1117 411 1
412 1006 1
1006 412 1
412 1088 1
1088 412 1
412 1188 1
1188 412 1
413 1074 1
1074 413 1
413 1096 1
1096 413 1
414 1137 1
1137 414 1
414 1200 1
1200 414 1
415 1082 1
1082 415 1
416 1016 1
1016 416 1
416 1026 1
1026 416 1
416 1070 1
1070 416 1
416 1073 1
1073 416 1
416 1084 1
1084 416 1
416 1091 1
1091 416 1
416 1125 1
1125 416 1
416 1151 1
1151 416 1
417 1038 1
1038 417 1
417 1075 1
1075 417 1
417 1137 1
1137 417 1
417 1155 1
1155 417 1
417 1157 1
1157 417 1
417 1171 1
1171 417 1
417 1175 1
1175 417 1
418 1008 1
1008 418 1
418 1028 1
1028 418 1
418 1030 1
1030 418 1
418 1073 1
1073 418 1
418 1144 1
1144 418 1
418 1182 1
1182 418 1
419 1002 1
1002 419 1
419 1021 1
1021 419 1
419 1124 1
1124 419 1
419 1158 1
1158 419 1
419 1182 1
1182 419 1
419 1192 1
1192 419 1
420 1080 1
1080 420 1
420 1145 1
1145 420 1
420 1146 1
1146 420 1
420 1162 1
1162 420 1
420 1183 1
1183 420 1
420 1196 1
1196 420 1
421 1034 1
1034 421 1
421 1048 1
1048 421 1
421 1054 1
1054 421 1
421 1067 1
1067 421 1
421 1097 1
1097 421 1
421 1166 1
1166 421 1
422 1032 1
1032 422 1
422 1087 1
1087 422 1
422 1094 1
1094 422 1
422 1108 1
1108 422 1
422 1110 1
1110 422 1
423 1002 1
1002 423 1
423 1041 1
1041 423 1
423 1140 1
1140 423 1
423 1157 1
1157 423 1
423 1170 1
1170 423 1
424 1020 1
1020 424 1
424 1072 1
1072 424 1
424 1077 1
1077 424 1
424 1091 1
1091 424 1
424 1155 1
1155 424 1
425 1062 1
1062 425 1
425 1063 1
1063 425 1
425 1068 1
1068 425 1
425 1135 1
1135 425 1
426 1065 1
1065 426 1
426 1076 1
1076 426 1
426 1080 1
1080 426 1
426 1176 1
1176 426 1
427 1017 1
1017 427 1
427 1065 1
1065 427 1
427 1117 1
1117 427 1
427 1151 1
1151 427 1
428 1095 1
1095 428 1
428 1125 1
1125 428 1
428 1144 1
1144 428 1
429 1007 1
1007 429 1
429 1012 1
1012 429 1
429 1103 1
1103 429 1
430 1061 1
1061 430 1
430 1190 1
1190 430 1
431 1033 1
1033 431 1
431 1089 1
1089 431 1
432 1054 1
1054 432 1
433 1001 1
1001 433 1
434 1003 1
1003 434 1
434 1015 1
1015 434 1
434 1020 1
1020 434 1
434 1033 1
1033 434 1
434 1037 1
1037 434 1
434 1048 1
1048 434 1
434 1049 1
1049 434 1
434 1121 1
1121 434 1
434 1141 1
1141 434 1
434 1163 1
1163 434 1
435 1012 1
1012 435 1
435 1020 1
1020 435 1
435 1036 1
1036 435 1
435 1044 1
1044 435 1
435 1080 1
1080 435 1
435 1103 1
1103 435 1
435 1150 1
1150 435 1
436 1074 1
1074 436 1
436 1086 1
1086 436 1
436 1095 1
1095 436 1
436 1107 1
1107 436 1
436 1154 1
1154 436 1
436 1181 1
1181 436 1
437 1016 1
1016 437 1
437 1070 1
1070 437 1
437 1084 1
1084 437 1
437 1091 1
1091 437 1
437 1174 1
1174 437 1
437 1187 1
1187 437 1
438 1012 1
1012 438 1
438 1046 1
1046 438 1
438 1104 1
1104 438 1
438 1105 1
1105 438 1
439 1066 1
1066 439 1
439 1090 1
1090 439 1
439 1166 1
1166 439 1
439 1188 1
1188 439 1
440 1009 1
1009 440 1
440 1056 1
1056 440 1
440 1058 1
1058 440 1
441 1021 1
1021 441 1
441 1034 1
1034 441 1
441 1151 1
1151 441 1
442 1024 1
1024 442 1
442 1148 1
1148 442 1
443 1100 1
1100 443 1
444 1002 1
1002 444 1
444 1008 1
1008 444 1
444 1019 1
1019 444 1
444 1022 1
1022 444 1
444 1090 1
1090 444 1
444 1114 1
1114 444 1
444 1119 1
1119 444 1
444 1153 1
1153 444 1
444 1164 1
1164 444 1
445 1050 1
1050 445 1
445 1111 1
1111 445 1
445 1128 1
1128 445 1
445 1173 1
1173 445 1
446 1003 1
1003 446 1
446 1025 1
1025 446 1
446 1098 1
1098 446 1
446 1102 1
1102 446 1
447 1004 1
1004 447 1
447 1051 1
1051 447 1
447 1092 1
1092 447 1
447 1100 1
1100 447 1
448 1002 1
1002 448 1
448 1020 1
1020 448 1
448 1040 1
1040 448 1
448 1154 1
1154 448 1
449 1023 1
1023 449 1
449 1027 1
1027 449 1
449 1117 1
1117 449 1
450 1051 1
1051 450 1
450 1098 1
1098 450 1
451 1050 1
1050 451 1
451 1081 1
1081 451 1
451 1088 1
1088 451 1
451 1093 1
1093 451 1
451 1110 1
1110 451 1
451 1136 1
1136 451 1
451 1139 1
1139 451 1
452 1001 1
1001 452 1
452 1064 1
1064 452 1
452 1067 1
1067 452 1
452 1068 1
1068 452 1
452 1107 1
1107 452 1
452 1140 1
1140 452 1
453 1075 1
1075 453 1
453 1080 1
1080 453 1
453 1097 1
1097 453 1
453 1127 1
1127 453 1
453 1149 1
1149 453 1
453 1172 1
1172 453 1
454 1022 1
1022 454 1
454 1041 1
1041 454 1
454 1087 1
1087 454 1
454 1135 1
1135 454 1
454 1165 1
1165 454 1
455 1015 1
1015 455 1
455 1105 1
1105 455 1
455 1147 1
1147 455 1
455 1169 1
1169 455 1
455 1192 1
1192 455 1
456 1010 1
1010 456 1
456 1068 1
1068 456 1
456 1071 1
1071 456 1
457 1045 1
1045 457 1
457 1073 1
1073 457 1
457 1083 1
1083 457 1
458 1069 1
1069 458 1
458 1072 1
1072 458 1
459 1116 1
1116 459 1
459 1129 1
1129 459 1
460 1043 1
1043 460 1
461 1014 1
1014 461 1
461 1022 1
1022 461 1
461 1041 1
1041 461 1
461 1054 1
1054 461 1
461 1106 1
1106 461 1
461 1145 1
1145 461 1
461 1159 1
1159 461 1
461 1171 1
1171 461 1
462 1023 1
1023 462 1
462 1049 1
1049 462 1
462 1053 1
1053 462 1
462 1105 1
1105 462 1
462 1125 1
1125 462 1
462 1182 1
1182 462 1
463 1004 1
1004 463 1
463 1034 1
1034 463 1
463 1071 1
1071 463 1
463 1097 1
1097 463 1
463 1109 1
1109 463 1
464 1070 1
1070 464 1
464 1073 1
1073 464 1
464 1092 1
1092 464 1
464 1100 1
1100 464 1
465 1087 1
1087 465 1
465 1091 1
1091 465 1
465 1113 1
1113 465 1
465 1165 1
1165 465 1
466 1056 1
1056 466 1
466 1071 1
1071 466 1
466 1178 1
1178 466 1
467 1017 1
1017 467 1
467 1111 1
1111 467 1
467 1145 1
1145 467 1
468 1104 1
1104 468 1
468 1109 1
1109 468 1
468 1151 1
1151 468 1
469 1036 1
1036 469 1
469 1093 1
1093 469 1
469 1166 1
1166 469 1
470 1070 1
1070 470 1
470 1110 1
1110 470 1
470 1148 1
1148 470 1
471 1025 1
1025 471 1
471 1057 1
1057 471 1
472 1046 1
1046 472 1
472 1092 1
1092 472 1
473 1009 1
1009 473 1
473 1155 1
1155 473 1
474 1063 1
1063 474 1
475 1070 1
1070 475 1
475 1095 1
1095 475 1
475 1109 1
1109 475 1
475 1130 1
1130 475 1
475 1158 1
1158 475 1
476 1020 1
1020 476 1
476 1142 1
1142 476 1
476 1180 1
1180 476 1
476 1199 1
1199 476 1
477 1007 1
1007 477 1
477 1032 1
1032 477 1
477 1078 1
1078 477 1
477 1116 1
1116 477 1
478 1048 1
1048 478 1
478 1152 1
1152 478 1
479 1016 1
1016 479 1
479 1053 1
1053 479 1
479 1127 1
1127 479 1
479 1130 1
1130 479 1
479 1140 1
1140 479 1
479 1175 1
1175 479 1
479 1194 1
1194 479 1
480 1035 1
1035 480 1
480 1075 1
1075 480 1
480 1083 1
1083 480 1
480 1097 1
1097 480 1
480 1100 1
1100 480 1
480 1168 1
1168 480 1
480 1198 1
1198 480 1
481 1043 1
1043 481 1
481 1046 1
1046 481 1
481 1087 1
1087 481 1
481 1090 1
1090 481 1
481 1187 1
1187 481 1
481 1196 1
1196 481 1
482 1013 1
1013 482 1
482 1075 1
1075 482 1
482 1119 1
1119 482 1
482 1150 1
1150 482 1
482 1175 1
1175 482 1
483 1138 1
1138 483 1
483 1153 1
1153 483 1
483 1164 1
1164 483 1
483 1189 1
1189 483 1
483 1200 1
1200 483 1
484 1011 1
1011 484 1
484 1040 1
1040 484 1
484 1090 1
1090 484 1
484 1102 1
1102 484 1
484 1195 1
1195 484 1
485 1038 1
1038 485 1
485 1049 1
1049 485 1
485 1180 1
1180 485 1
485 1188 1
1188 485 1
486 1024 1
1024 486 1
486 1034 1
1034 486 1
486 1061 1
1061 486 1
486 1090 1
1090 486 1
487 1036 1
1036 487 1
487 1056 1
1056 487 1
487 1124 1
1124 487 1
488 1010 1
1010 488 1
488 1012 1
1012 488 1
488 1018 1
1018 488 1
489 1038 1
1038 489 1
489 1080 1
1080 489 1
489 1165 1
1165 489 1
490 1040 1
1040 490 1
490 1108 1
1108 490 1
490 1122 1
1122 490 1
491 1001 1
1001 491 1
491 1127 1
1127 491 1
491 1169 1
1169 491 1
492 1041 1
1041 492 1
492 1130 1
1130 492 1
492 1181 1
1181 492 1
493 1143 1
1143 493 1
494 1165 1
1165 494 1
495 1158 1
1158 495 1
495 1176 1
1176 495 1
495 1181 1
1181 495 1
495 1196 1
1196 495 1
496 1057 1
1057 496 1
496 1061 1
1061 496 1
496 1062 1
1062 496 1
496 1074 1
1074 496 1
497 1032 1
1032 497 1
497 1038 1
1038 497 1
497 1088 1
1088 497 1
498 1040 1
1040 498 1
498 1049 1
1049 498 1
498 1058 1
1058 498 1
499 1034 1
1034 499 1
499 1182 1
1182 499 1
500 1098 1
1098 500 1
500 1152 1
1152 500 1
501 1060 1
1060 501 1
501 1098 1
1098 501 1
501 1125 1
1125 501 1
501 1133 1
1133 501 1
501 1154 1
1154 501 1
501 1178 1
1178 501 1
502 1019 1
1019 502 1
502 1039 1
1039 502 1
502 1073 1
1073 502 1
502 1082 1
1082 502 1
502 1159 1
1159 502 1
502 1179 1
1179 502 1
503 1075 1
1075 503 1
503 1108 1
1108 503 1
503 1139 1
1139 503 1
503 1147 1
1147 503 1
503 1196 1
1196 503 1
504 1009 1
1009 504 1
504 1097 1
1097 504 1
504 1150 1
1150 504 1
504 1156 1
1156 504 1
504 1187 1
1187 504 1
505 1012 1
1012 505 1
505 1042 1
1042 505 1
505 1143 1
1143 505 1
505 1170 1
1170 505 1
505 1189 1
1189 505 1
506 1110 1
1110 506 1
506 1113 1
1113 506 1
506 1117 1
1117 506 1
506 1132 1
1132 506 1
507 1027 1
1027 507 1
507 1087 1
1087 507 1
507 1186 1
1186 507 1
508 1021 1
1021 508 1
508 1034 1
1034 508 1
508 1106 1
1106 508 1
509 1102 1
1102 509 1
509 1115 1
1115 509 1
510 1031 1
1031 510 1
510 1159 1
1159 510 1
511 1003 1
1003 511 1
511 1172 1
1172 511 1
512 1093 1
1093 512 1
512 1095 1
1095 512 1
513 1024 1
1024 513 1
513 1027 1
1027 513 1
513 1083 1
1083 513 1
513 1114 1
1114 513 1
513 1118 1
1118 513 1
513 1134 1
1134 513 1
514 1087 1
1087 514 1
514 1093 1
1093 514 1
514 1133 1
1133 514 1
514 1134 1
1134 514 1
514 1181 1
1181 514 1
514 1188 1
1188 514 1
515 1024 1
1024 515 1
515 1056 1
1056 515 1
515 1087 1
1087 515 1
515 1090 1
1090 515 1
515 1182 1
1182 515 1
516 1015 1
1015 516 1
516 1018 1
1018 516 1
516 1035 1
1035 516 1
516 1138 1
1138 516 1
516 1169 1
1169 516 1
517 1076 1
1076 517 1
517 1085 1
1085 517 1
517 1151 1
1151 517 1
517 1170 1
1170 517 1
518 1063 1
1063 518 1
518 1106 1
1106 518 1
518 1126 1
1126 518 1
518 1166 1
1166 518 1
519 1031 1
1031 519 1
519 1037 1
1037 519 1
519 1193 1
1193 519 1
520 1009 1
1009 520 1
520 1041 1
1041 520 1
520 1055 1
1055 520 1
521 1046 1
1046 521 1
521 1073 1
1073 521 1
521 1165 1
1165 521 1
522 1055 1
1055 522 1
522 1127 1
1127 522 1
522 1140 1
1140 522 1
523 1010 1
1010 523 1
523 1052 1
1052 523 1
524 1027 1
1027 524 1
524 1183 1
1183 524 1
525 1137 1
1137 525 1
525 1140 1
1140 525 1
526 1021 1
1021 526 1
526 1044 1
1044 526 1
526 1069 1
1069 526 1
526 1072 1
1072 526 1
526 1073 1
1073 526 1
526 1101 1
1101 526 1
526 1138 1
1138 526 1
526 1199 1
1199 526 1
527 1009 1
1009 527 1
527 1016 1
1016 527 1
527 1017 1
1017 527 1
527 1026 1
1026 527 1
527 1076 1
1076 527 1
527 1099 1
1099 527 1
528 1022 1
1022 528 1
528 1076 1
1076 528 1
528 1096 1
1096 528 1
528 1128 1
1128 528 1
528 1165 1
1165 528 1
528 1192 1
1192 528 1
529 1034 1
1034 529 1
529 1143 1
1143 529 1
529 1144 1
1144 529 1
529 1149 1
1149 529 1
529 1185 1
1185 529 1
530 1021 1
1021 530 1
530 1035 1
1035 530 1
530 1156 1
1156 530 1
530 1166 1
1166 530 1
530 1194 1
1194 530 1
531 1031 1
1031 531 1
531 1073 1
1073 531 1
531 1118 1
1118 531 1
531 1120 1
1120 531 1
531 1132 1
1132 531 1
532 1018 1
1018 532 1
532 1021 1
1021 532 1
532 1023 1
1023 532 1
532 1123 1
1123 532 1
533 1057 1
1057 533 1
533 1078 1
1078 533 1
533 1155 1
1155 533 1
534 1051 1
1051 534 1
534 1055 1
1055 534 1
534 1164 1
1164 534 1
535 1007 1
1007 535 1
535 1008 1
1008 535 1
535 1011 1
1011 535 1
535 1100 1
1100 535 1
535 1173 1
1173 535 1
535 1182 1
1182 535 1
535 1183 1
1183 535 1
535 1196 1
1196 535 1
536 1010 1
1010 536 1
536 1081 1
1081 536 1
536 1105 1
1105 536 1
536 1108 1
1108 536 1
536 1110 1
1110 536 1
537 1037 1
1037 537 1
537 1045 1
1045 537 1
537 1094 1
1094 537 1
537 1176 1
1176 537 1
537 1189 1
1189 537 1
538 1018 1
1018 538 1
538 1043 1
1043 538 1
538 1045 1
1045 538 1
538 1050 1
1050 538 1
538 1145 1
1145 538 1
539 1017 1
1017 539 1
539 1044 1
1044 539 1
539 1050 1
1050 539 1
539 1055 1
1055 539 1
540 1015 1
1015 540 1
540 1084 1
1084 540 1
540 1143 1
1143 540 1
540 1148 1
1148 540 1
541 1063 1
1063 541 1
541 1079 1
1079 541 1
541 1185 1
1185 541 1
542 1004 1
1004 542 1
542 1127 1
1127 542 1
543 1062 1
1062 543 1
544 1017 1
1017 544 1
544 1033 1
1033 544 1
544 1046 1
1046 544 1
544 1068 1
1068 544 1
544 1087 1
1087 544 1
544 1126 1
1126 544 1
544 1135 1
1135 544 1
545 1021 1
1021 545 1
545 1044 1
1044 545 1
545 1064 1
1064 545 1
545 1113 1
1113 545 1
545 1162 1
1162 545 1
545 1166 1
1166 545 1
545 1200 1
1200 545 1
546 1064 1
1064 546 1
546 1072 1
1072 546 1
546 1088 1
1088 546 1
546 1163 1
1163 546 1
546 1191 1
1191 546 1
547 1090 1
1090 547 1
547 1093 1
1093 547 1
547 1119 1
1119 547 1
547 1141 1
1141 547 1
547 1150 1
1150 547 1
548 1045 1
1045 548 1
548 1051 1
1051 548 1
548 1074 1
1074 548 1
548 1175 1
1175 548 1
548 1183 1
1183 548 1
549 1030 1
1030 549 1
549 1073 1
1073 549 1
549 1078 1
1078 549 1
549 1172 1
1172 549 1
549 1180 1
1180 549 1
550 1078 1
1078 550 1
550 1084 1
1084 550 1
550 1106 1
1106 550 1
550 1108 1
1108 550 1
551 1069 1
1069 551 1
551 1097 1
1097 551 1
551 1170 1
1170 551 1
551 1184 1
1184 551 1
552 1061 1
1061 552 1
552 1109 1
1109 552 1
552 1110 1
1110 552 1
552 1115 1
1115 552 1
553 1071 1
1071 553 1
553 1077 1
1077 553 1
553 1095 1
1095 553 1
553 1162 1
1162 553 1
554 1055 1
1055 554 1
554 1078 1
1078 554 1
554 1150 1
1150 554 1
554 1187 1
1187 554 1
555 1104 1
1104 555 1
555 1130 1
1130 555 1
555 1190 1
1190 555 1
556 1060 1
1060 556 1
556 1167 1
1167 556 1
557 1007 1
1007 557 1
558 1030 1
1030 558 1
558 1034 1
1034 558 1
558 1083 1
1083 558 1
558 1142 1
1142 558 1
558 1154 1
1154 558 1
558 1160 1
1160 558 1
558 1176 1
1176 558 1
559 1026 1
1026 559 1
559 1059 1
1059 559 1
559 1065 1
1065 559 1
559 1188 1
1188 559 1
559 1196 1
1196 559 1
560 1012 1
1012 560 1
560 1017 1
1017 560 1
560 1117 1
1117 560 1
560 1153 1
1153 560 1
560 1154 1
1154 560 1
561 1017 1
1017 561 1
561 1076 1
1076 561 1
561 1115 1
1115 561 1
561 1158 1
1158 561 1
561 1190 1
1190 561 1
562 1012 1
1012 562 1
562 1025 1
1025 562 1
562 1035 1
1035 562 1
562 1052 1
1052 562 1
562 1133 1
1133 562 1
563 1015 1
1015 563 1
563 1019 1
1019 563 1
563 1022 1
1022 563 1
563 1183 1
1183 563 1
564 1054 1
1054 564 1
564 1138 1
1138 564 1
564 1172 1
1172 564 1
564 1187 1
1187 564 1
565 1136 1
1136 565 1
565 1161 1
1161 565 1
565 1192 1
1192 565 1
565 1195 1
1195 565 1
566 1055 1
1055 566 1
566 1098 1
1098 566 1
566 1196 1
1196 566 1
567 1059 1
1059 567 1
567 1157 1
1157 567 1
568 1011 1
1011 568 1
568 1014 1
1014 568 1
568 1018 1
1018 568 1
568 1020 1
1020 568 1
568 1082 1
1082 568 1
568 1103 1
1103 568 1
568 1116 1
1116 568 1
568 1170 1
1170 568 1
569 1008 1
1008 569 1
569 1041 1
1041 569 1
569 1065 1
1065 569 1
569 1119 1
1119 569 1
569 1182 1
1182 569 1
570 1146 1
1146 570 1
570 1165 1
1165 570 1
570 1166 1
1166 570 1
570 1175 1
1175 570 1
571 1030 1
1030 571 1
571 1085 1
1085 571 1
571 1116 1
1116 571 1
571 1128 1
1128 571 1
572 1038 1
1038 572 1
572 1080 1
1080 572 1
572 1127 1
1127 572 1
572 1168 1
1168 572 1
573 1075 1
1075 573 1
573 1160 1
1160 573 1
573 1174 1
1174 573 1
573 1179 1
1179 573 1
574 1112 1
1112 574 1
574 1142 1
1142 574 1
574 1163 1
1163 574 1
575 1008 1
1008 575 1
575 1069 1
1069 575 1
575 1081 1
1081 575 1
576 1044 1
1044 576 1
576 1060 1
1060 576 1
576 1146 1
1146 576 1
577 1014 1
1014 577 1
577 1155 1
1155 577 1
578 1029 1
1029 578 1
578 1048 1
1048 578 1
578 1094 1
1094 578 1
578 1120 1
1120 578 1
578 1150 1
1150 578 1
578 1172 1
1172 578 1
578 1195 1
1195 578 1
579 1061 1
1061 579 1
579 1113 1
1113 579 1
579 1117 1
1117 579 1
579 1148 1
1148 579 1
579 1156 1
1156 579 1
579 1164 1
1164 579 1
580 1027 1
1027 580 1
580 1060 1
1060 580 1
580 1111 1
1111 580 1
580 1164 1
1164 580 1
580 1169 1
1169 580 1
580 1196 1
1196 580 1
581 1007 1
1007 581 1
581 1096 1
1096 581 1
581 1105 1
1105 581 1
581 1112 1
1112 581 1
581 1121 1
1121 581 1
582 1095 1
1095 582 1
582 1122 1
1122 582 1
582 1163 1
1163 582 1
582 1169 1
1169 582 1
582 1198 1
1198 582 1
583 1033 1
1033 583 1
583 1036 1
1036 583 1
583 1162 1
1162 583 1
583 1197 1
1197 583 1
584 1067 1
1067 584 1
584 1131 1
1131 584 1
584 1139 1
1139 584 1
584 1145 1
1145 584 1
585 1067 1
1067 585 1
585 1154 1
1154 585 1
585 1173 1
1173 585 1
586 1031 1
1031 586 1
586 1143 1
1143 586 1
586 1151 1
1151 586 1
587 1001 1
1001 587 1
587 1003 1
1003 587 1
587 1187 1
1187 587 1
588 1155 1
1155 588 1
588 1181 1
1181 588 1
588 1185 1
1185 588 1
589 1058 1
1058 589 1
589 1130 1
1130 589 1
589 1193 1
1193 589 1
590 1009 1
1009 590 1
590 1024 1
1024 590 1
590 1041 1
1041 590 1
590 1085 1
1085 590 1
590 1130 1
1130 590 1
590 1197 1
1197 590 1
591 1076 1
1076 591 1
591 1083 1
1083 591 1
591 1087 1
1087 591 1
591 1088 1
1088 591 1
591 1119 1
1119 591 1
591 1135 1
1135 591 1
592 1032 1
1032 592 1
592 1078 1
1078 592 1
592 1083 1
1083 592 1
592 1103 1
1103 592 1
592 1189 1
1189 592 1
593 1123 1
1123 593 1
593 1135 1
1135 593 1
593 1145 1
1145 593 1
593 1153 1
1153 593 1
593 1158 1
1158 593 1
594 1024 1
1024 594 1
594 1078 1
1078 594 1
594 1108 1
1108 594 1
594 1136 1
1136 594 1
594 1173 1
1173 594 1
595 1030 1
1030 595 1
595 1034 1
1034 595 1
595 1040 1
1040 595 1
595 1149 1
1149 595 1
596 1046 1
1046 596 1
596 1073 1
1073 596 1
596 1084 1
1084 596 1
596 1163 1
1163 596 1
597 1099 1
1099 597 1
597 1108 1
1108 597 1
597 1190 1
1190 597 1
598 1106 1
1106 598 1
598 1111 1
1111 598 1
598 1198 1
1198 598 1
599 1040 1
1040 599 1
599 1104 1
1104 599 1
600 1088 1
1088 600 1
600 1162 1
1162 600 1
601 1087 1
1087 601 1
601 1153 1
1153 601 1
602 1018 1
1018 602 1
602 1052 1
1052 602 1
602 1057 1
1057 602 1
602 1070 1
1070 602 1
602 1106 1
1106 602 1
602 1194 1
1194 602 1
603 1005 1
1005 603 1
603 1009 1
1009 603 1
603 1090 1
1090 603 1
603 1170 1
1170 603 1
603 1176 1
1176 603 1
604 1015 1
1015 604 1
604 1067 1
1067 604 1
604 1068 1
1068 604 1
604 1168 1
1168 604 1
604 1199 1
1199 604 1
605 1014 1
1014 605 1
605 1021 1
1021 605 1
605 1036 1
1036 605 1
605 1099 1
1099 605 1
605 1168 1
1168 605 1
606 1071 1
1071 606 1
606 1146 1
1146 606 1
606 1150 1
1150 606 1
606 1167 1
1167 606 1
606 1171 1
1171 606 1
607 1141 1
1141 607 1
607 1148 1
1148 607 1
607 1197 1
1197 607 1
607 1199 1
1199 607 1
608 1012 1
1012 608 1
608 1041 1
1041 608 1
608 1097 1
1097 608 1
609 1129 1
1129 609 1
609 1149 1
1149 609 1
609 1161 1
1161 609 1
610 1081 1
1081 610 1
610 1131 1
1131 610 1
610 1198 1
1198 610 1
611 1127 1
1127 611 1
611 1129 1
1129 611 1
611 1137 1
1137 611 1
612 1002 1
1002 612 1
612 1060 1
1060 612 1
612 1102 1
1102 612 1
613 1011 1
1011 613 1
613 1178 1
1178 613 1
614 1119 1
1119 614 1
615 1185 1
1185 615 1
616 1015 1
1015 616 1
616 1031 1
1031 616 1
616 1060 1
1060 616 1
616 1081 1
1081 616 1
616 1095 1
1095 616 1
616 1108 1
1108 616 1
616 1144 1
1144 616 1
616 1187 1
1187 616 1
617 1055 1
1055 617 1
617 1093 1
1093 617 1
617 1100 1
1100 617 1
617 1123 1
1123 617 1
617 1181 1
1181 617 1
618 1017 1
1017 618 1
618 1095 1
1095 618 1
618 1125 1
1125 618 1
618 1198 1
1198 618 1
618 1200 1
1200 618 1
619 1020 1
1020 619 1
619 1029 1
1029 619 1
619 1048 1
1048 619 1
619 1108 1
1108 619 1
619 1150 1
1150 619 1
620 1068 1
1068 620 1
620 1131 1
1131 620 1
620 1133 1
1133 620 1
620 1181 1
1181 620 1
621 1011 1
1011 621 1
621 1095 1
1095 621 1
621 1109 1
1109 621 1
622 1051 1
1051 622 1
622 1160 1
1160 622 1
622 1164 1
1164 622 1
623 1024 1
1024 623 1
623 1091 1
1091 623 1
623 1184 1
1184 623 1
624 1054 1
1054 624 1
624 1092 1
1092 624 1
624 1183 1
1183 624 1
625 1002 1
1002 625 1
625 1106 1
1106 625 1
626 1016 1
1016 626 1
626 1054 1
1054 626 1
627 1056 1
1056 627 1
627 1195 1
1195 627 1
628 1047 1
1047 628 1
628 1193 1
1193 628 1
629 1026 1
1026 629 1
629 1027 1
1027 629 1
629 1047 1
1047 629 1
629 1074 1
1074 629 1
629 1085 1
1085 629 1
629 1118 1
1118 629 1
629 1127 1
1127 629 1
629 1154 1
1154 629 1
630 1011 1
1011 630 1
630 1049 1
1049 630 1
630 1055 1
1055 630 1
630 1056 1
1056 630 1
630 1076 1
1076 630 1
630 1129 1
1129 630 1
630 1138 1
1138 630 1
631 1008 1
1008 631 1
631 1014 1
1014 631 1
631 1032 1
1032 631 1
631 1046 1
1046 631 1
631 1061 1
1061 631 1
631 1150 1
1150 631 1
632 1008 1
1008 632 1
632 1068 1
1068 632 1
632 1164 1
1164 632 1
632 1182 1
1182 632 1
632 1198 1
1198 632 1
633 1037 1
1037 633 1
633 1062 1
1062 633 1
633 1095 1
1095 633 1
633 1111 1
1111 633 1
633 1182 1
1182 633 1
634 1005 1
1005 634 1
634 1152 1
1152 634 1
634 1162 1
1162 634 1
634 1183 1
1183 634 1
635 1093 1
1093 635 1
635 1149 1
1149 635 1
635 1180 1
1180 635 1
635 1200 1
1200 635 1
636 1028 1
1028 636 1
636 1033 1
1033 636 1
636 1092 1
1092 636 1
636 1120 1
1120 636 1
637 1023 1
1023 637 1
637 1175 1
1175 637 1
637 1191 1
1191 637 1
638 1053 1
1053 638 1
638 1077 1
1077 638 1
638 1088 1
1088 638 1
639 1001 1
1001 639 1
639 1046 1
1046 639 1
639 1090 1
1090 639 1
640 1029 1
1029 640 1
641 1053 1
1053 641 1
641 1075 1
1075 641 1
641 1110 1
1110 641 1
641 1140 1
1140 641 1
641 1170 1
1170 641 1
641 1173 1
1173 641 1
641 1194 1
1194 641 1
642 1031 1
1031 642 1
642 1059 1
1059 642 1
642 1095 1
1095 642 1
643 1007 1
1007 643 1
643 1078 1
1078 643 1
643 1086 1
1086 643 1
644 1025 1
1025 644 1
644 1034 1
1034 644 1
644 1081 1
1081 644 1
645 1137 1
1137 645 1
645 1168 1
1168 645 1
646 1020 1
1020 646 1
646 1029 1
1029 646 1
647 1139 1
1139 647 1
647 1165 1
1165 647 1
648 1128 1
1128 648 1
649 1022 1
1022 649 1
649 1028 1
1028 649 1
649 1031 1
1031 649 1
649 1036 1
1036 649 1
649 1043 1
1043 649 1
649 1048 1
1048 649 1
649 1103 1
1103 649 1
650 1032 1
1032 650 1
650 1072 1
1072 650 1
650 1100 1
1100 650 1
650 1114 1
1114 650 1
650 1120 1
1120 650 1
650 1147 1
1147 650 1
650 1195 1
1195 650 1
651 1036 1
1036 651 1
651 1051 1
1051 651 1
651 1063 1
1063 651 1
651 1076 1
1076 651 1
651 1138 1
1138 651 1
651 1171 1
1171 651 1
652 1011 1
1011 652 1
652 1056 1
1056 652 1
652 1060 1
1060 652 1
652 1079 1
1079 652 1
652 1190 1
1190 652 1
653 1018 1
1018 653 1
653 1082 1
1082 653 1
653 1147 1
1147 653 1
653 1168 1
1168 653 1
653 1197 1
1197 653 1
654 1100 1
1100 654 1
654 1104 1
1104 654 1
654 1143 1
1143 654 1
654 1152 1
1152 654 1
655 1013 1
1013 655 1
655 1065 1
1065 655 1
655 1122 1
1122 655 1
656 1013 1
1013 656 1
656 1056 1
1056 656 1
656 1068 1
1068 656 1
656 1070 1
1070 656 1
656 1083 1
1083 656 1
656 1097 1
1097 656 1
656 1107 1
1107 656 1
657 1005 1
1005 657 1
657 1039 1
1039 657 1
657 1067 1
1067 657 1
657 1069 1
1069 657 1
657 1076 1
1076 657 1
657 1134 1
1134 657 1
658 1021 1
1021 658 1
658 1058 1
1058 658 1
658 1062 1
1062 658 1
658 1082 1
1082 658 1
658 1146 1
1146 658 1
659 1018 1
1018 659 1
659 1020 1
1020 659 1
659 1084 1
1084 659 1
659 1092 1
1092 659 1
659 1147 1
1147 659 1
660 1042 1
1042 660 1
660 1045 1
1045 660 1
660 1091 1
1091 660 1
660 1137 1
1137 660 1
660 1198 1
1198 660 1
661 1053 1
1053 661 1
661 1071 1
1071 661 1
661 1100 1
1100 661 1
661 1158 1
1158 661 1
662 1004 1
1004 662 1
662 1008 1
1008 662 1
662 1087 1
1087 662 1
662 1111 1
1111 662 1
663 1023 1
1023 663 1
663 1057 1
1057 663 1
663 1127 1
1127 663 1
664 1050 1
1050 664 1
664 1197 1
1197 664 1
665 1010 1
1010 665 1
665 1024 1
1024 665 1
665 1151 1
1151 665 1
665 1154 1
1154 665 1
665 1179 1
1179 665 1
665 1182 1
1182 665 1
666 1045 1
1045 666 1
666 1093 1
1093 666 1
666 1154 1
1154 666 1
666 1179 1
1179 666 1
666 1183 1
1183 666 1
667 1015 1
1015 667 1
667 1018 1
1018 667 1
667 1087 1
1087 667 1
667 1165 1
1165 667 1
667 1198 1
1198 667 1
668 1067 1
1067 668 1
668 1077 1
1077 668 1
668 1098 1
1098 668 1
668 1139 1
1139 668 1
669 1099 1
1099 669 1
669 1119 1
1119 669 1
669 1144 1
1144 669 1
669 1166 1
1166 669 1
670 1055 1
1055 670 1
670 1199 1
1199 670 1
671 1078 1
1078 671 1
671 1122 1
1122 671 1
672 1050 1
1050 672 1
672 1055 1
1055 672 1
672 1098 1
1098 672 1
672 1099 1
1099 672 1
672 1120 1
1120 672 1
672 1179 1
1179 672 1
672 1184 1
1184 672 1
672 1187 1
1187 672 1
672 1198 1
1198 672 1
673 1059 1
1059 673 1
673 1079 1
1079 673 1
673 1105 1
1105 673 1
673 1125 1
1125 673 1
673 1151 1
1151 673 1
673 1162 1
1162 673 1
673 1172 1
1172 673 1
673 1181 1
1181 673 1
674 1024 1
1024 674 1
674 1044 1
1044 674 1
674 1066 1
1066 674 1
674 1115 1
1115 674 1
674 1118 1
1118 674 1
674 1162 1
1162 674 1
675 1027 1
1027 675 1
675 1127 1
1127 675 1
675 1140 1
1140 675 1
675 1151 1
1151 675 1
675 1153 1
1153 675 1
675 1183 1
1183 675 1
676 1020 1
1020 676 1
676 1064 1
1064 676 1
676 1086 1
1086 676 1
676 1119 1
1119 676 1
676 1129 1
1129 676 1
677 1002 1
1002 677 1
677 1047 1
1047 677 1
677 1157 1
1157 677 1
677 1181 1
1181 677 1
677 1199 1
1199 677 1
678 1052 1
1052 678 1
678 1082 1
1082 678 1
678 1111 1
1111 678 1
678 1148 1
1148 678 1
679 1071 1
1071 679 1
679 1173 1
1173 679 1
679 1182 1
1182 679 1
680 1048 1
1048 680 1
680 1104 1
1104 680 1
680 1194 1
1194 680 1
681 1023 1
1023 681 1
681 1117 1
1117 681 1
681 1184 1
1184 681 1
682 1007 1
1007 682 1
682 1094 1
1094 682 1
683 1038 1
1038 683 1
683 1039 1
1039 683 1
683 1050 1
1050 683 1
683 1103 1
1103 683 1
683 1106 1
1106 683 1
683 1117 1
1117 683 1
683 1129 1
1129 683 1
683 1155 1
1155 683 1
683 1160 1
1160 683 1
684 1041 1
1041 684 1
684 1112 1
1112 684 1
684 1122 1
1122 684 1
684 1146 1
1146 684 1
684 1153 1
1153 684 1
684 1163 1
1163 684 1
685 1002 1
1002 685 1
685 1013 1
1013 685 1
685 1033 1
1033 685 1
685 1093 1
1093 685 1
685 1143 1
1143 685 1
685 1164 1
1164 685 1
686 1035 1
1035 686 1
686 1036 1
1036 686 1
686 1111 1
1111 686 1
686 1181 1
1181 686 1
686 1182 1
1182 686 1
687 1017 1
1017 687 1
687 1034 1
1034 687 1
687 1069 1
1069 687 1
687 1117 1
1117 687 1
687 1171 1
1171 687 1
688 1002 1
1002 688 1
688 1025 1
1025 688 1
688 1060 1
1060 688 1
688 1123 1
1123 688 1
688 1162 1
1162 688 1
689 1011 1
1011 689 1
689 1018 1
1018 689 1
689 1037 1
1037 689 1
689 1089 1
1089 689 1
689 1142 1
1142 689 1
690 1053 1
1053 690 1
690 1056 1
1056 690 1
690 1077 1
1077 690 1
690 1106 1
1106 690 1
691 1047 1
1047 691 1
691 1079 1
1079 691 1
691 1084 1
1084 691 1
691 1133 1
1133 691 1
692 1099 1
1099 692 1
692 1119 1
1119 692 1
692 1172 1
1172 692 1
692 1182 1
1182 692 1
693 1025 1
1025 693 1
693 1057 1
1057 693 1
693 1165 1
1165 693 1
693 1182 1
1182 693 1
694 1018 1
1018 694 1
694 1138 1
1138 694 1
694 1142 1
1142 694 1
695 1033 1
1033 695 1
695 1075 1
1075 695 1
695 1128 1
1128 695 1
696 1035 1
1035 696 1
696 1112 1
1112 696 1
696 1113 1
1113 696 1
697 1051 1
1051 697 1
697 1120 1
1120 697 1
697 1193 1
1193 697 1
698 1100 1
1100 698 1
698 1123 1
1123 698 1
699 1117 1
1117 699 1
699 1119 1
1119 699 1
700 1039 1
1039 700 1
700 1110 1
1110 700 1
701 1018 1
1018 701 1
701 1020 1
1020 701 1
701 1039 1
1039 701 1
701 1046 1
1046 701 1
701 1122 1
1122 701 1
701 1193 1
1193 701 1
702 1006 1
1006 702 1
702 1018 1
1018 702 1
702 1050 1
1050 702 1
702 1090 1
1090 702 1
702 1170 1
1170 702 1
703 1091 1
1091 703 1
703 1102 1
1102 703 1
703 1124 1
1124 703 1
703 1200 1
1200 703 1
704 1006 1
1006 704 1
704 1093 1
1093 704 1
704 1120 1
1120 704 1
704 1188 1
1188 704 1
705 1008 1
1008 705 1
705 1052 1
1052 705 1
705 1167 1
1167 705 1
706 1168 1
1168 706 1
706 1178 1
1178 706 1
707 1002 1
1002 707 1
707 1013 1
1013 707 1
707 1042 1
1042 707 1
707 1056 1
1056 707 1
707 1071 1
1071 707 1
707 1100 1
1100 707 1
707 1107 1
1107 707 1
708 1064 1
1064 708 1
708 1086 1
1086 708 1
708 1104 1
1104 708 1
708 1191 1
1191 708 1
708 1200 1
1200 708 1
709 1077 1
1077 709 1
709 1115 1
1115 709 1
709 1117 1
1117 709 1
709 1181 1
1181 709 1
710 1046 1
1046 710 1
710 1154 1
1154 710 1
710 1167 1
1167 710 1
711 1071 1
1071 711 1
711 1129 1
1129 711 1
711 1192 1
1192 711 1
712 1092 1
1092 712 1
712 1150 1
1150 712 1
712 1194 1
1194 712 1
713 1042 1
1042 713 1
713 1101 1
1101 713 1
714 1190 1
1190 714 1
714 1197 1
1197 714 1
715 1021 1
1021 715 1
715 1098 1
1098 715 1
715 1152 1
1152 715 1
715 1171 1
1171 715 1
715 1188 1
1188 715 1
716 1019 1
1019 716 1
716 1041 1
1041 716 1
716 1155 1
1155 716 1
716 1177 1
1177 716 1
717 1048 1
1048 717 1
717 1093 1
1093 717 1
718 1121 1
1121 718 1
719 1003 1
1003 719 1
719 1012 1
1012 719 1
719 1039 1
1039 719 1
719 1099 1
1099 719 1
719 1135 1
1135 719 1
719 1143 1
1143 719 1
719 1147 1
1147 719 1
719 1187 1
1187 719 1
720 1053 1
1053 720 1
720 1095 1
1095 720 1
720 1109 1
1109 720 1
720 1136 1
1136 720 1
721 1050 1
1050 721 1
721 1052 1
1052 721 1
721 1107 1
1107 721 1
721 1140 1
1140 721 1
722 1034 1
1034 722 1
722 1068 1
1068 722 1
722 1152 1
1152 722 1
723 1032 1
1032 723 1
723 1116 1
1116 723 1
723 1195 1
1195 723 1
724 1029 1
1029 724 1
724 1082 1
1082 724 1
724 1113 1
1113 724 1
725 1049 1
1049 725 1
725 1115 1
1115 725 1
725 1188 1
1188 725 1
726 1028 1
1028 726 1
726 1046 1
1046 726 1
726 1131 1
1131 726 1
727 1101 1
1101 727 1
727 1113 1
1113 727 1
728 1132 1
1132 728 1
728 1196 1
1196 728 1
729 1057 1
1057 729 1
729 1161 1
1161 729 1
730 1033 1
1033 730 1
730 1184 1
1184 730 1
731 1013 1
1013 731 1
731 1021 1
1021 731 1
732 1039 1
1039 732 1
732 1048 1
1048 732 1
732 1052 1
1052 732 1
732 1060 1
1060 732 1
732 1078 1
1078 732 1
732 1105 1
1105 732 1
733 1035 1
1035 733 1
733 1071 1
1071 733 1
733 1095 1
1095 733 1
733 1142 1
1142 733 1
733 1162 1
1162 733 1
733 1170 1
1170 733 1
734 1012 1
1012 734 1
734 1050 1
1050 734 1
734 1059 1
1059 734 1
734 1060 1
1060 734 1
734 1130 1
1130 734 1
735 1045 1
1045 735 1
735 1086 1
1086 735 1
735 1110 1
1110 735 1
735 1136 1
1136 735 1
735 1182 1
1182 735 1
736 1062 1
1062 736 1
736 1097 1
1097 736 1
736 1124 1
1124 736 1
736 1183 1
1183 736 1
737 1170 1
1170 737 1
737 1184 1
1184 737 1
737 1188 1
1188 737 1
737 1195 1
1195 737 1
738 1060 1
1060 738 1
738 1069 1
1069 738 1
738 1104 1
1104 738 1
738 1200 1
1200 738 1
739 1055 1
1055 739 1
739 1066 1
1066 739 1
739 1068 1
1068 739 1
739 1167 1
1167 739 1
740 1112 1
1112 740 1
740 1136 1
1136 740 1
740 1140 1
1140 740 1
740 1171 1
1171 740 1
741 1057 1
1057 741 1
741 1139 1
1139 741 1
742 1110 1
1110 742 1
743 1025 1
1025 743 1
743 1044 1
1044 743 1
743 1074 1
1074 743 1
743 1079 1
1079 743 1
743 1147 1
1147 743 1
743 1163 1
1163 743 1
743 1164 1
1164 743 1
744 1043 1
1043 744 1
744 1080 1
1080 744 1
744 1108 1
1108 744 1
745 1006 1
1006 745 1
745 1162 1
1162 745 1
746 1003 1
1003 746 1
746 1047 1
1047 746 1
746 1057 1
1057 746 1
746 1078 1
1078 746 1
746 1134 1
1134 746 1
747 1008 1
1008 747 1
747 1072 1
1072 747 1
747 1132 1
1132 747 1
747 1190 1
1190 747 1
748 1004 1
1004 748 1
748 1093 1
1093 748 1
748 1109 1
1109 748 1
748 1143 1
1143 748 1
749 1060 1
1060 749 1
749 1067 1
1067 749 1
749 1115 1
1115 749 1
750 1137 1
1137 750 1
751 1080 1
1080 751 1
751 1095 1
1095 751 1
751 1096 1
1096 751 1
751 1107 1
1107 751 1
751 1144 1
1144 751 1
751 1184 1
1184 751 1
752 1020 1
1020 752 1
752 1039 1
1039 752 1
752 1046 1
1046 752 1
752 1099 1
1099 752 1
752 1130 1
1130 752 1
753 1003 1
1003 753 1
753 1027 1
1027 753 1
753 1037 1
1037 753 1
753 1165 1
1165 753 1
754 1028 1
1028 754 1
754 1053 1
1053 754 1
754 1056 1
1056 754 1
754 1074 1
1074 754 1
755 1078 1
1078 755 1
755 1106 1
1106 755 1
755 1124 1
1124 755 1
755 1173 1
1173 755 1
756 1043 1
1043 756 1
756 1124 1
1124 756 1
756 1156 1
1156 756 1
756 1159 1
1159 756 1
757 1002 1
1002 757 1
757 1154 1
1154 757 1
757 1194 1
1194 757 1
758 1069 1
1069 758 1
758 1072 1
1072 758 1
758 1200 1
1200 758 1
759 1059 1
1059 759 1
759 1134 1
1134 759 1
759 1178 1
1178 759 1
760 1035 1
1035 760 1
760 1051 1
1051 760 1
760 1168 1
1168 760 1
761 1012 1
1012 761 1
761 1063 1
1063 761 1
762 1039 1
1039 762 1
762 1100 1
1100 762 1
763 1009 1
1009 763 1
763 1047 1
1047 763 1
763 1166 1
1166 763 1
763 1171 1
1171 763 1
763 1172 1
1172 763 1
763 1178 1
1178 763 1
764 1074 1
1074 764 1
764 1116 1
1116 764 1
764 1119 1
1119 764 1
764 1124 1
1124 764 1
764 1164 1
1164 764 1
765 1072 1
1072 765 1
765 1088 1
1088 765 1
765 1155 1
1155 765 1
765 1162 1
1162 765 1
765 1173 1
1173 765 1
766 1010 1
1010 766 1
766 1104 1
1104 766 1
766 1121 1
1121 766 1
766 1179 1
1179 766 1
767 1006 1
1006 767 1
767 1076 1
1076 767 1
767 1137 1
1137 767 1
768 1081 1
1081 768 1
768 1149 1
1149 768 1
768 1192 1
1192 768 1
769 1027 1
1027 769 1
769 1045 1
1045 769 1
769 1199 1
1199 769 1
770 1008 1
1008 770 1
770 1060 1
1060 770 1
770 1112 1
1112 770 1
771 1066 1
1066 771 1
772 1027 1
1027 772 1
772 1116 1
1116 772 1
772 1118 1
1118 772 1
772 1119 1
1119 772 1
772 1139 1
1139 772 1
772 1184 1
1184 772 1
773 1008 1
1008 773 1
773 1073 1
1073 773 1
773 1095 1
1095 773 1
773 1127 1
1127 773 1
773 1172 1
1172 773 1
773 1200 1
1200 773 1
774 1011 1
1011 774 1
774 1056 1
1056 774 1
774 1086 1
1086 774 1
774 1096 1
1096 774 1
774 1132 1
1132 774 1
774 1139 1
1139 774 1
775 1008 1
1008 775 1
775 1010 1
1010 775 1
775 1038 1
1038 775 1
775 1157 1
1157 775 1
775 1200 1
1200 775 1
776 1024 1
1024 776 1
776 1050 1
1050 776 1
776 1105 1
1105 776 1
776 1147 1
1147 776 1
777 1065 1
1065 777 1
777 1094 1
1094 777 1
777 1100 1
1100 777 1
778 1040 1
1040 778 1
778 1043 1
1043 778 1
778 1099 1
1099 778 1
779 1043 1
1043 779 1
779 1065 1
1065 779 1
780 1140 1
1140 780 1
780 1165 1
1165 780 1
781 1097 1
1097 781 1
781 1102 1
1102 781 1
781 1110 1
1110 781 1
781 1131 1
1131 781 1
781 1167 1
1167 781 1
781 1189 1
1189 781 1
782 1040 1
1040 782 1
782 1052 1
1052 782 1
782 1058 1
1058 782 1
782 1104 1
1104 782 1
782 1179 1
1179 782 1
783 1052 1
1052 783 1
783 1097 1
1097 783 1
783 1165 1
1165 783 1
783 1194 1
1194 783 1
784 1089 1
1089 784 1
784 1091 1
1091 784 1
784 1094 1
1094 784 1
784 1182 1
1182 784 1
785 1095 1
1095 785 1
785 1109 1
1109 785 1
785 1120 1
1120 785 1
785 1153 1
1153 785 1
786 1024 1
1024 786 1
786 1081 1
1081 786 1
786 1162 1
1162 786 1
786 1168 1
1168 786 1
787 1071 1
1071 787 1
787 1135 1
1135 787 1
788 1003 1
1003 788 1
788 1012 1
1012 788 1
788 1176 1
1176 788 1
788 1183 1
1183 788 1
788 1195 1
1195 788 1
789 1048 1
1048 789 1
789 1082 1
1082 789 1
789 1173 1
1173 789 1
789 1181 1
1181 789 1
790 1110 1
1110 790 1
790 1128 1
1128 790 1
790 1152 1
1152 790 1
790 1191 1
1191 790 1
791 1014 1
1014 791 1
791 1015 1
1015 791 1
791 1052 1
1052 791 1
791 1063 1
1063 791 1
792 1043 1
1043 792 1
792 1059 1
1059 792 1
792 1071 1
1071 792 1
793 1082 1
1082 793 1
793 1087 1
1087 793 1
793 1166 1
1166 793 1
794 1031 1
1031 794 1
794 1045 1
1045 794 1
794 1187 1
1187 794 1
795 1150 1
1150 795 1
795 1155 1
1155 795 1
796 1007 1
1007 796 1
796 1078 1
1078 796 1
797 1051 1
1051 797 1
797 1075 1
1075 797 1
797 1077 1
1077 797 1
797 1114 1
1114 797 1
797 1195 1
1195 797 1
798 1045 1
1045 798 1
798 1053 1
1053 798 1
798 1066 1
1066 798 1
798 1134 1
1134 798 1
799 1007 1
1007 799 1
799 1073 1
1073 799 1
799 1151 1
1151 799 1
799 1166 1
1166 799 1
800 1049 1
1049 800 1
800 1141 1
1141 800 1
800 1169 1
1169 800 1
800 1183 1
1183 800 1
801 1005 1
1005 801 1
801 1007 1
1007 801 1
801 1074 1
1074 801 1
801 1180 1
1180 801 1
802 1019 1
1019 802 1
802 1054 1
1054 802 1
802 1064 1
1064 802 1
802 1184 1
1184 802 1
803 1008 1
1008 803 1
803 1016 1
1016 803 1
803 1195 1
1195 803 1
804 1012 1
1012 804 1
804 1028 1
1028 804 1
804 1120 1
1120 804 1
805 1071 1
1071 805 1
805 1159 1
1159 805 1
806 1023 1
1023 806 1
806 1027 1
1027 806 1
806 1035 1
1035 806 1
806 1039 1
1039 806 1
806 1091 1
1091 806 1
806 1164 1
1164 806 1
806 1178 1
1178 806 1
806 1186 1
1186 806 1
806 1199 1
1199 806 1
807 1027 1
1027 807 1
807 1154 1
1154 807 1
807 1175 1
1175 807 1
807 1199 1
1199 807 1
808 1112 1
1112 808 1
808 1119 1
1119 808 1
808 1145 1
1145 808 1
809 1090 1
1090 809 1
809 1130 1
1130 809 1
809 1181 1
1181 809 1
810 1165 1
1165 810 1
810 1171 1
1171 810 1
810 1178 1
1178 810 1
811 1019 1
1019 811 1
811 1125 1
1125 811 1
811 1151 1
1151 811 1
812 1014 1
1014 812 1
812 1178 1
1178 812 1
813 1034 1
1034 813 1
813 1056 1
1056 813 1
814 1024 1
1024 814 1
814 1113 1
1113 814 1
815 1121 1
1121 815 1
816 1119 1
1119 816 1
816 1153 1
1153 816 1
816 1178 1
1178 816 1
816 1197 1
1197 816 1
817 1062 1
1062 817 1
817 1063 1
1063 817 1
817 1120 1
1120 817 1
817 1176 1
1176 817 1
818 1014 1
1014 818 1
818 1026 1
1026 818 1
818 1048 1
1048 818 1
818 1109 1
1109 818 1
819 1015 1
1015 819 1
819 1033 1
1033 819 1
819 1147 1
1147 819 1
820 1066 1
1066 820 1
820 1086 1
1086 820 1
820 1101 1
1101 820 1
821 1132 1
1132 821 1
821 1160 1
1160 821 1
822 1102 1
1102 822 1
822 1163 1
1163 822 1
823 1021 1
1021 823 1
823 1047 1
1047 823 1
823 1073 1
1073 823 1
823 1103 1
1103 823 1
823 1188 1
1188 823 1
824 1019 1
1019 824 1
824 1035 1
1035 824 1
824 1060 1
1060 824 1
824 1078 1
1078 824 1
824 1155 1
1155 824 1
825 1019 1
1019 825 1
825 1064 1
1064 825 1
825 1069 1
1069 825 1
825 1096 1
1096 825 1
825 1129 1
1129 825 1
826 1022 1
1022 826 1
826 1035 1
1035 826 1
826 1071 1
1071 826 1
826 1165 1
1165 826 1
827 1057 1
1057 827 1
827 1117 1
1117 827 1
827 1134 1
1134 827 1
827 1185 1
1185 827 1
828 1012 1
1012 828 1
828 1129 1
1129 828 1
828 1170 1
1170 828 1
829 1034 1
1034 829 1
829 1083 1
1083 829 1
829 1156 1
1156 829 1
830 1093 1
1093 830 1
830 1143 1
1143 830 1
830 1144 1
1144 830 1
831 1083 1
1083 831 1
831 1096 1
1096 831 1
831 1153 1
1153 831 1
832 1030 1
1030 832 1
832 1123 1
1123 832 1
833 1146 1
1146 833 1
833 1187 1
1187 833 1
834 1094 1
1094 834 1
835 1027 1
1027 835 1
835 1040 1
1040 835 1
835 1054 1
1054 835 1
835 1063 1
1063 835 1
835 1068 1
1068 835 1
835 1187 1
1187 835 1
835 1189 1
1189 835 1
836 1014 1
1014 836 1
836 1044 1
1044 836 1
836 1051 1
1051 836 1
836 1169 1
1169 836 1
836 1197 1
1197 836 1
837 1054 1
1054 837 1
837 1153 1
1153 837 1
837 1155 1
1155 837 1
837 1200 1
1200 837 1
838 1066 1
1066 838 1
838 1070 1
1070 838 1
838 1174 1
1174 838 1
839 1085 1
1085 839 1
839 1097 1
1097 839 1
839 1147 1
1147 839 1
840 1021 1
1021 840 1
840 1030 1
1030 840 1
840 1044 1
1044 840 1
840 1052 1
1052 840 1
840 1053 1
1053 840 1
840 1077 1
1077 840 1
840 1118 1
1118 840 1
841 1017 1
1017 841 1
841 1035 1
1035 841 1
841 1074 1
1074 841 1
841 1107 1
1107 841 1
841 1170 1
1170 841 1
842 1053 1
1053 842 1
842 1076 1
1076 842 1
842 1092 1
1092 842 1
842 1124 1
1124 842 1
842 1185 1
1185 842 1
843 1013 1
1013 843 1
843 1042 1
1042 843 1
843 1047 1
1047 843 1
843 1078 1
1078 843 1
843 1137 1
1137 843 1
844 1001 1
1001 844 1
844 1002 1
1002 844 1
844 1021 1
1021 844 1
844 1163 1
1163 844 1
845 1088 1
1088 845 1
845 1090 1
1090 845 1
845 1096 1
1096 845 1
845 1105 1
1105 845 1
846 1097 1
1097 846 1
846 1100 1
1100 846 1
846 1113 1
1113 846 1
846 1118 1
1118 846 1
847 1010 1
1010 847 1
847 1039 1
1039 847 1
847 1065 1
1065 847 1
848 1124 1
1124 848 1
848 1127 1
1127 848 1
848 1160 1
1160 848 1
849 1042 1
1042 849 1
849 1162 1
1162 849 1
850 1123 1
1123 850 1
850 1152 1
1152 850 1
851 1047 1
1047 851 1
852 1010 1
1010 852 1
852 1015 1
1015 852 1
852 1055 1
1055 852 1
852 1065 1
1065 852 1
852 1071 1
1071 852 1
852 1084 1
1084 852 1
852 1091 1
1091 852 1
852 1183 1
1183 852 1
853 1026 1
1026 853 1
853 1079 1
1079 853 1
853 1107 1
1107 853 1
853 1132 1
1132 853 1
853 1154 1
1154 853 1
853 1165 1
1165 853 1
854 1015 1
1015 854 1
854 1027 1
1027 854 1
854 1060 1
1060 854 1
854 1098 1
1098 854 1
854 1139 1
1139 854 1
855 1001 1
1001 855 1
855 1026 1
1026 855 1
855 1140 1
1140 855 1
855 1195 1
1195 855 1
855 1198 1
1198 855 1
856 1008 1
1008 856 1
856 1051 1
1051 856 1
856 1060 1
1060 856 1
856 1083 1
1083 856 1
856 1144 1
1144 856 1
857 1020 1
1020 857 1
857 1116 1
1116 857 1
857 1117 1
1117 857 1
857 1139 1
1139 857 1
857 1190 1
1190 857 1
858 1054 1
1054 858 1
858 1056 1
1056 858 1
858 1171 1
1171 858 1
859 1097 1
1097 859 1
859 1164 1
1164 859 1
859 1190 1
1190 859 1
860 1030 1
1030 860 1
860 1031 1
1031 860 1
860 1058 1
1058 860 1
861 1023 1
1023 861 1
861 1073 1
1073 861 1
862 1005 1
1005 862 1
862 1040 1
1040 862 1
862 1052 1
1052 862 1
862 1126 1
1126 862 1
862 1134 1
1134 862 1
862 1135 1
1135 862 1
862 1183 1
1183 862 1
862 1192 1
1192 862 1
863 1017 1
1017 863 1
863 1038 1
1038 863 1
863 1064 1
1064 863 1
863 1075 1
1075 863 1
863 1099 1
1099 863 1
863 1103 1
1103 863 1
863 1113 1
1113 863 1
864 1008 1
1008 864 1
864 1020 1
1020 864 1
864 1070 1
1070 864 1
864 1114 1
1114 864 1
864 1156 1
1156 864 1
864 1175 1
1175 864 1
865 1033 1
1033 865 1
865 1050 1
1050 865 1
865 1057 1
1057 865 1
865 1078 1
1078 865 1
865 1099 1
1099 865 1
865 1145 1
1145 865 1
866 1007 1
1007 866 1
866 1060 1
1060 866 1
866 1105 1
1105 866 1
866 1140 1
1140 866 1
866 1145 1
1145 866 1
866 1173 1
1173 866 1
867 1012 1
1012 867 1
867 1015 1
1015 867 1
867 1057 1
1057 867 1
867 1059 1
1059 867 1
867 1070 1
1070 867 1
867 1088 1
1088 867 1
868 1069 1
1069 868 1
868 1084 1
1084 868 1
868 1088 1
1088 868 1
868 1139 1
1139 868 1
868 1158 1
1158 868 1
869 1011 1
1011 869 1
869 1074 1
1074 869 1
869 1144 1
1144 869 1
869 1187 1
1187 869 1
870 1077 1
1077 870 1
870 1096 1
1096 870 1
870 1117 1
1117 870 1
870 1147 1
1147 870 1
871 1010 1
1010 871 1
871 1012 1
1012 871 1
871 1093 1
1093 871 1
871 1121 1
1121 871 1
872 1024 1
1024 872 1
872 1116 1
1116 872 1
872 1131 1
1131 872 1
873 1092 1
1092 873 1
873 1108 1
1108 873 1
873 1178 1
1178 873 1
874 1010 1
1010 874 1
874 1110 1
1110 874 1
874 1180 1
1180 874 1
875 1068 1
1068 875 1
875 1144 1
1144 875 1
876 1071 1
1071 876 1
876 1097 1
1097 876 1
876 1138 1
1138 876 1
876 1145 1
1145 876 1
876 1147 1
1147 876 1
876 1152 1
1152 876 1
876 1179 1
1179 876 1
877 1010 1
1010 877 1
877 1083 1
1083 877 1
877 1107 1
1107 877 1
877 1191 1
1191 877 1
878 1024 1
1024 878 1
878 1045 1
1045 878 1
878 1185 1
1185 878 1
878 1195 1
1195 878 1
879 1098 1
1098 879 1
879 1130 1
1130 879 1
879 1170 1
1170 879 1
880 1007 1
1007 880 1
880 1028 1
1028 880 1
880 1152 1
1152 880 1
881 1021 1
1021 881 1
881 1116 1
1116 881 1
881 1147 1
1147 881 1
882 1094 1
1094 882 1
882 1161 1
1161 882 1
883 1111 1
1111 883 1
883 1178 1
1178 883 1
884 1009 1
1009 884 1
884 1070 1
1070 884 1
884 1085 1
1085 884 1
884 1102 1
1102 884 1
884 1124 1
1124 884 1
884 1156 1
1156 884 1
884 1193 1
1193 884 1
885 1018 1
1018 885 1
885 1047 1
1047 885 1
885 1057 1
1057 885 1
885 1072 1
1072 885 1
885 1168 1
1168 885 1
885 1192 1
1192 885 1
886 1005 1
1005 886 1
886 1018 1
1018 886 1
886 1027 1
1027 886 1
886 1081 1
1081 886 1
886 1149 1
1149 886 1
886 1150 1
1150 886 1
887 1023 1
1023 887 1
887 1057 1
1057 887 1
887 1083 1
1083 887 1
887 1147 1
1147 887 1
887 1175 1
1175 887 1
888 1037 1
1037 888 1
888 1148 1
1148 888 1
888 1170 1
1170 888 1
888 1188 1
1188 888 1
889 1046 1
1046 889 1
889 1108 1
1108 889 1
889 1138 1
1138 889 1
889 1160 1
1160 889 1
890 1024 1
1024 890 1
890 1131 1
1131 890 1
891 1033 1
1033 891 1
891 1153 1
1153 891 1
892 1100 1
1100 892 1
893 1033 1
1033 893 1
893 1038 1
1038 893 1
893 1069 1
1069 893 1
893 1110 1
1110 893 1
893 1117 1
1117 893 1
893 1149 1
1149 893 1
893 1184 1
1184 893 1
894 1013 1
1013 894 1
894 1084 1
1084 894 1
894 1132 1
1132 894 1
894 1137 1
1137 894 1
894 1200 1
1200 894 1
895 1009 1
1009 895 1
895 1042 1
1042 895 1
895 1084 1
1084 895 1
895 1092 1
1092 895 1
895 1120 1
1120 895 1
896 1090 1
1090 896 1
896 1110 1
1110 896 1
896 1118 1
1118 896 1
896 1152 1
1152 896 1
896 1183 1
1183 896 1
897 1044 1
1044 897 1
897 1071 1
1071 897 1
897 1141 1
1141 897 1
898 1024 1
1024 898 1
898 1151 1
1151 898 1
898 1180 1
1180 898 1
899 1032 1
1032 899 1
899 1062 1
1062 899 1
899 1139 1
1139 899 1
899 1156 1
1156 899 1
900 1028 1
1028 900 1
900 1032 1
1032 900 1
900 1075 1
1075 900 1
900 1152 1
1152 900 1
901 1062 1
1062 901 1
901 1079 1
1079 901 1
901 1151 1
1151 901 1
902 1085 1
1085 902 1
902 1156 1
1156 902 1
902 1166 1
1166 902 1
903 1075 1
1075 903 1
903 1182 1
1182 903 1
903 1191 1
1191 903 1
904 1031 1
1031 904 1
904 1167 1
1167 904 1
904 1176 1
1176 904 1
905 1017 1
1017 905 1
905 1028 1
1028 905 1
905 1029 1
1029 905 1
906 1052 1
1052 906 1
906 1176 1
1176 906 1
907 1051 1
1051 907 1
907 1099 1
1099 907 1
908 1007 1
1007 908 1
908 1035 1
1035 908 1
908 1054 1
1054 908 1
908 1069 1
1069 908 1
908 1073 1
1073 908 1
908 1082 1
1082 908 1
909 1016 1
1016 909 1
909 1080 1
1080 909 1
909 1084 1
1084 909 1
909 1113 1
1113 909 1
909 1127 1
1127 909 1
909 1192 1
1192 909 1
910 1006 1
1006 910 1
910 1008 1
1008 910 1
910 1136 1
1136 910 1
910 1144 1
1144 910 1
910 1147 1
1147 910 1
911 1079 1
1079 911 1
911 1106 1
1106 911 1
911 1107 1
1107 911 1
911 1142 1
1142 911 1
911 1186 1
1186 911 1
912 1075 1
1075 912 1
912 1108 1
1108 912 1
912 1154 1
1154 912 1
912 1161 1
1161 912 1
913 1135 1
1135 913 1
913 1136 1
1136 913 1
913 1156 1
1156 913 1
913 1186 1
1186 913 1
914 1006 1
1006 914 1
914 1056 1
1056 914 1
914 1122 1
1122 914 1
914 1167 1
1167 914 1
915 1029 1
1029 915 1
915 1086 1
1086 915 1
915 1091 1
1091 915 1
915 1196 1
1196 915 1
916 1051 1
1051 916 1
916 1053 1
1053 916 1
916 1169 1
1169 916 1
917 1078 1
1078 917 1
917 1156 1
1156 917 1
917 1198 1
1198 917 1
918 1060 1
1060 918 1
918 1061 1
1061 918 1
919 1019 1
1019 919 1
919 1175 1
1175 919 1
920 1004 1
1004 920 1
920 1049 1
1049 920 1
920 1085 1
1085 920 1
920 1129 1
1129 920 1
920 1142 1
1142 920 1
920 1167 1
1167 920 1
920 1182 1
1182 920 1
921 1035 1
1035 921 1
921 1075 1
1075 921 1
921 1092 1
1092 921 1
921 1116 1
1116 921 1
921 1124 1
1124 921 1
921 1147 1
1147 921 1
921 1188 1
1188 921 1
922 1064 1
1064 922 1
922 1069 1
1069 922 1
922 1091 1
1091 922 1
922 1140 1
1140 922 1
922 1158 1
1158 922 1
923 1003 1
1003 923 1
923 1037 1
1037 923 1
923 1066 1
1066 923 1
923 1072 1
1072 923 1
923 1162 1
1162 923 1
924 1079 1
1079 924 1
924 1096 1
1096 924 1
924 1123 1
1123 924 1
924 1135 1
1135 924 1
924 1144 1
1144 924 1
925 1118 1
1118 925 1
925 1155 1
1155 925 1
925 1169 1
1169 925 1
925 1175 1
1175 925 1
926 1085 1
1085 926 1
926 1115 1
1115 926 1
926 1157 1
1157 926 1
926 1163 1
1163 926 1
927 1067 1
1067 927 1
927 1079 1
1079 927 1
927 1083 1
1083 927 1
927 1167 1
1167 927 1
928 1108 1
1108 928 1
928 1117 1
1117 928 1
929 1015 1
1015 929 1
930 1023 1
1023 930 1
930 1043 1
1043 930 1
930 1107 1
1107 930 1
930 1115 1
1115 930 1
930 1132 1
1132 930 1
930 1178 1
1178 930 1
930 1180 1
1180 930 1
931 1037 1
1037 931 1
931 1048 1
1048 931 1
931 1103 1
1103 931 1
931 1116 1
1116 931 1
931 1169 1
1169 931 1
932 1012 1
1012 932 1
932 1041 1
1041 932 1
932 1119 1
1119 932 1
932 1136 1
1136 932 1
932 1140 1
1140 932 1
933 1105 1
1105 933 1
933 1109 1
1109 933 1
933 1117 1
1117 933 1
933 1126 1
1126 933 1
933 1199 1
1199 933 1
934 1047 1
1047 934 1
934 1086 1
1086 934 1
934 1107 1
1107 934 1
934 1195 1
1195 934 1
935 1001 1
1001 935 1
935 1057 1
1057 935 1
935 1080 1
1080 935 1
935 1186 1
1186 935 1
936 1019 1
1019 936 1
936 1117 1
1117 936 1
936 1180 1
1180 936 1
936 1185 1
1185 936 1
937 1042 1
1042 937 1
937 1056 1
1056 937 1
937 1123 1
1123 937 1
937 1169 1
1169 937 1
938 1013 1
1013 938 1
938 1100 1
1100 938 1
938 1193 1
1193 938 1
939 1009 1
1009 939 1
939 1039 1
1039 939 1
939 1126 1
1126 939 1
940 1039 1
1039 940 1
940 1042 1
1042 940 1
940 1132 1
1132 940 1
941 1116 1
1116 941 1
941 1124 1
1124 941 1
942 1131 1
1131 942 1
942 1158 1
1158 942 1
943 1018 1
1018 943 1
943 1171 1
1171 943 1
944 1069 1
1069 944 1
945 1070 1
1070 945 1
945 1092 1
1092 945 1
945 1116 1
1116 945 1
945 1147 1
1147 945 1
945 1151 1
1151 945 1
945 1199 1
1199 945 1
946 1043 1
1043 946 1
946 1056 1
1056 946 1
946 1068 1
1068 946 1
946 1092 1
1092 946 1
946 1136 1
1136 946 1
946 1156 1
1156 946 1
947 1037 1
1037 947 1
947 1066 1
1066 947 1
947 1139 1
1139 947 1
947 1147 1
1147 947 1
947 1164 1
1164 947 1
947 1197 1
1197 947 1
948 1002 1
1002 948 1
948 1058 1
1058 948 1
948 1083 1
1083 948 1
948 1178 1
1178 948 1
948 1185 1
1185 948 1
949 1036 1
1036 949 1
949 1114 1
1114 949 1
949 1152 1
1152 949 1
949 1161 1
1161 949 1
949 1164 1
1164 949 1
950 1005 1
1005 950 1
950 1059 1
1059 950 1
950 1112 1
1112 950 1
950 1147 1
1147 950 1
950 1155 1
1155 950 1
951 1002 1
1002 951 1
951 1008 1
1008 951 1
951 1017 1
1017 951 1
951 1038 1
1038 951 1
951 1062 1
1062 951 1
952 1013 1
1013 952 1
952 1046 1
1046 952 1
952 1148 1
1148 952 1
952 1151 1
1151 952 1
953 1047 1
1047 953 1
953 1088 1
1088 953 1
953 1126 1
1126 953 1
954 1110 1
1110 954 1
954 1162 1
1162 954 1
954 1171 1
1171 954 1
955 1114 1
1114 955 1
955 1180 1
1180 955 1
955 1184 1
1184 955 1
956 1021 1
1021 956 1
956 1029 1
1029 956 1
956 1114 1
1114 956 1
956 1120 1
1120 956 1
956 1123 1
1123 956 1
957 1003 1
1003 957 1
957 1093 1
1093 957 1
957 1095 1
1095 957 1
957 1176 1
1176 957 1
957 1188 1
1188 957 1
958 1044 1
1044 958 1
958 1068 1
1068 958 1
958 1087 1
1087 958 1
958 1132 1
1132 958 1
958 1170 1
1170 958 1
959 1010 1
1010 959 1
959 1055 1
1055 959 1
959 1106 1
1106 959 1
959 1113 1
1113 959 1
960 1035 1
1035 960 1
960 1061 1
1061 960 1
960 1080 1
1080 960 1
960 1107 1
1107 960 1
961 1109 1
1109 961 1
961 1156 1
1156 961 1
961 1166 1
1166 961 1
961 1173 1
1173 961 1
962 1113 1
1113 962 1
962 1128 1
1128 962 1
962 1188 1
1188 962 1
963 1014 1
1014 963 1
963 1103 1
1103 963 1
964 1019 1
1019 964 1
964 1060 1
1060 964 1
965 1047 1
1047 965 1
965 1087 1
1087 965 1
966 1004 1
1004 966 1
966 1055 1
1055 966 1
967 1040 1
1040 967 1
968 1028 1
1028 968 1
968 1052 1
1052 968 1
968 1064 1
1064 968 1
968 1078 1
1078 968 1
968 1087 1
1087 968 1
968 1109 1
1109 968 1
968 1175 1
1175 968 1
969 1053 1
1053 969 1
969 1092 1
1092 969 1
969 1107 1
1107 969 1
969 1125 1
1125 969 1
969 1128 1
1128 969 1
969 1166 1
1166 969 1
970 1001 1
1001 970 1
970 1019 1
1019 970 1
970 1058 1
1058 970 1
970 1108 1
1108 970 1
970 1116 1
1116 970 1
970 1192 1
1192 970 1
971 1016 1
1016 971 1
971 1068 1
1068 971 1
971 1070 1
1070 971 1
971 1130 1
1130 971 1
971 1157 1
1157 971 1
971 1187 1
1187 971 1
972 1061 1
1061 972 1
972 1083 1
1083 972 1
972 1125 1
1125 972 1
972 1142 1
1142 972 1
972 1151 1
1151 972 1
973 1050 1
1050 973 1
973 1085 1
1085 973 1
973 1151 1
1151 973 1
973 1158 1
1158 973 1
974 1124 1
1124 974 1
974 1194 1
1194 974 1
975 1003 1
1003 975 1
975 1012 1
1012 975 1
975 1050 1
1050 975 1
975 1054 1
1054 975 1
975 1087 1
1087 975 1
975 1124 1
1124 975 1
975 1179 1
1179 975 1
976 1008 1
1008 976 1
976 1029 1
1029 976 1
976 1069 1
1069 976 1
976 1080 1
1080 976 1
976 1109 1
1109 976 1
976 1148 1
1148 976 1
976 1166 1
1166 976 1
977 1045 1
1045 977 1
977 1048 1
1048 977 1
977 1074 1
1074 977 1
977 1127 1
1127 977 1
977 1130 1
1130 977 1
977 1141 1
1141 977 1
978 1027 1
1027 978 1
978 1072 1
1072 978 1
978 1126 1
1126 978 1
978 1142 1
1142 978 1
978 1200 1
1200 978 1
979 1079 1
1079 979 1
979 1138 1
1138 979 1
979 1139 1
1139 979 1
980 1141 1
1141 980 1
980 1147 1
1147 980 1
980 1156 1
1156 980 1
981 1069 1
1069 981 1
981 1186 1
1186 981 1
982 1007 1
1007 982 1
982 1026 1
1026 982 1
982 1048 1
1048 982 1
982 1060 1
1060 982 1
982 1101 1
1101 982 1
982 1110 1
1110 982 1
982 1190 1
1190 982 1
983 1016 1
1016 983 1
983 1022 1
1022 983 1
983 1062 1
1062 983 1
983 1068 1
1068 983 1
983 1156 1
1156 983 1
984 1020 1
1020 984 1
984 1168 1
1168 984 1
984 1172 1
1172 984 1
984 1177 1
1177 984 1
985 1057 1
1057 985 1
985 1077 1
1077 985 1
985 1189 1
1189 985 1
985 1199 1
1199 985 1
986 1048 1
1048 986 1
986 1055 1
1055 986 1
986 1082 1
1082 986 1
986 1142 1
1142 986 1
987 1004 1
1004 987 1
987 1010 1
1010 987 1
987 1118 1
1118 987 1
988 1182 1
1182 988 1
988 1198 1
1198 988 1
989 1108 1
1108 989 1
989 1180 1
1180 989 1
990 1029 1
1029 990 1
990 1114 1
1114 990 1
991 1050 1
1050 991 1
991 1187 1
1187 991 1
992 1013 1
1013 992 1
993 1005 1
1005 993 1
993 1019 1
1019 993 1
993 1059 1
1059 993 1
993 1081 1
1081 993 1
993 1094 1
1094 993 1
993 1118 1
1118 993 1
993 1123 1
1123 993 1
993 1191 1
1191 993 1
993 1197 1
1197 993 1
994 1054 1
1054 994 1
994 1092 1
1092 994 1
994 1122 1
1122 994 1
994 1130 1
1130 994 1
994 1142 1
1142 994 1
994 1195 1
1195 994 1
994 1196 1
1196 994 1
995 1033 1
1033 995 1
995 1057 1
1057 995 1
995 1071 1
1071 995 1
995 1075 1
1075 995 1
995 1086 1
1086 995 1
995 1122 1
1122 995 1
995 1198 1
1198 995 1
996 1010 1
1010 996 1
996 1033 1
1033 996 1
996 1050 1
1050 996 1
996 1125 1
1125 996 1
996 1140 1
1140 996 1
996 1171 1
1171 996 1
996 1197 1
1197 996 1
997 1008 1
1008 997 1
997 1035 1
1035 997 1
997 1103 1
1103 997 1
997 1105 1
1105 997 1
997 1114 1
1114 997 1
997 1146 1
1146 997 1
998 1039 1
1039 998 1
998 1102 1
1102 998 1
998 1116 1
1116 998 1
998 1165 1
1165 998 1
998 1170 1
1170 998 1
999 1066 1
1066 999 1
999 1072 1
1072 999 1
999 1181 1
1181 999 1
1000 1010 1
1010 1000 1
1000 1068 1
1068 1000 1
1000 1135 1
1135 1000 1
S 100
1067 1188 1102 1194 1112 1122 1014 1003 1065 1045 1137 1171 1129 1077 1159 1168 1046 1131 1031 1004 1160 1016 1043 1127 1187 1163 1048 1111 1006 1195 1038 1123 1013 1037 1154 1070 1062 1196 1033 1173 1172 1061 1011 1145 1161 1053 1126 1107 1074 1114 1106 1096 1104 1146 1044 1001 1162 1193 1017 1081 1103 1039 1157 1177 1136 1079 1116 1020 1015 1178 1147 1180 1066 1085 1166 1047 1105 1080 1055 1197 1086 1119 1110 1134 1143 1034 1019 1141 1124 1176 1064 1084 1149 1101 1156 1073 1028 1185 1113 1052
T 100
1175 1005 1030 1184 1100 1099 1132 1125 1199 1135 1179 1121 1035 1049 1170 1139 1150 1133 1128 1022 1082 1078 1010 1083 1165 1120 1090 1069 1054 1091 1095 1042 1094 1117 1200 1158 1026 1181 1148 1075 1059 1153 1018 1050 1093 1076 1142 1021 1097 1032 1138 1118 1012 1068 1089 1092 1025 1098 1183 1191 1087 1182 1040 1169 1088 1186 1041 1002 1072 1151 1115 1057 1108 1192 1167 1051 1144 1198 1155 1130 1060 1056 1024 1008 1009 1109 1152 1023 1140 1174 1027 1189 1036 1058 1063 1071 1190 1007 1029 1164
