# meta: nome=puc-cc6-3p-seed-r1
# meta: familia=puc
# meta: classe=principal
# meta: das_compat=exata
# meta: instancia_original=cc6-3p
# meta: fonte=SteinLib
# meta: problema_original=Steiner em grafos
# meta: url=https://steinlib.zib.de/steinlib.php
# meta: referencia=Koch, Martin, Voss. SteinLib (KMV00); PUC: Rosseti et al. (2001), a confirmar
# meta: transformacao=G-UNIT; maior componente conexa; não dirigido; passos unitários
# meta: regra_ST=ST-SEED:42
# meta: regra_r=R-1 (lambda*=3)
# meta: seed=42
# meta: script=src/converters/build_benchmark.py
# meta: commit_gerador=a647555
# meta: observacao=
N 729
M 8736
R 1
# u v length
1 2 1
2 1 1
1 3 1
3 1 1
1 4 1
4 1 1
1 7 1
7 1 1
1 10 1
10 1 1
1 19 1
19 1 1
1 28 1
28 1 1
1 55 1
55 1 1
1 82 1
82 1 1
1 163 1
163 1 1
1 244 1
244 1 1
1 487 1
487 1 1
2 3 1
3 2 1
2 5 1
5 2 1
2 8 1
8 2 1
2 11 1
11 2 1
2 20 1
20 2 1
2 29 1
29 2 1
2 56 1
56 2 1
2 83 1
83 2 1
2 164 1
164 2 1
2 245 1
245 2 1
2 488 1
488 2 1
3 6 1
6 3 1
3 9 1
9 3 1
3 12 1
12 3 1
3 21 1
21 3 1
3 30 1
30 3 1
3 57 1
57 3 1
3 84 1
84 3 1
3 165 1
165 3 1
3 246 1
246 3 1
3 489 1
489 3 1
4 5 1
5 4 1
4 6 1
6 4 1
4 7 1
7 4 1
4 13 1
13 4 1
4 22 1
22 4 1
4 31 1
31 4 1
4 58 1
58 4 1
4 85 1
85 4 1
4 166 1
166 4 1
4 247 1
247 4 1
4 490 1
490 4 1
5 6 1
6 5 1
5 8 1
8 5 1
5 14 1
14 5 1
5 23 1
23 5 1
5 32 1
32 5 1
5 59 1
59 5 1
5 86 1
86 5 1
5 167 1
167 5 1
5 248 1
248 5 1
5 491 1
491 5 1
6 9 1
9 6 1
6 15 1
15 6 1
6 24 1
24 6 1
6 33 1
33 6 1
6 60 1
60 6 1
6 87 1
87 6 1
6 168 1
168 6 1
6 249 1
249 6 1
6 492 1
492 6 1
7 8 1
8 7 1
7 9 1
9 7 1
7 16 1
16 7 1
7 25 1
25 7 1
7 34 1
34 7 1
7 61 1
61 7 1
7 88 1
88 7 1
7 169 1
169 7 1
7 250 1
250 7 1
7 493 1
493 7 1
8 9 1
9 8 1
8 17 1
17 8 1
8 26 1
26 8 1
8 35 1
35 8 1
8 62 1
62 8 1
8 89 1
89 8 1
8 170 1
170 8 1
8 251 1
251 8 1
8 494 1
494 8 1
9 18 1
18 9 1
9 27 1
27 9 1
9 36 1
36 9 1
9 63 1
63 9 1
9 90 1
90 9 1
9 171 1
171 9 1
9 252 1
252 9 1
9 495 1
495 9 1
10 11 1
11 10 1
10 12 1
12 10 1
10 13 1
13 10 1
10 16 1
16 10 1
10 19 1
19 10 1
10 37 1
37 10 1
10 64 1
64 10 1
10 91 1
91 10 1
10 172 1
172 10 1
10 253 1
253 10 1
10 496 1
496 10 1
11 12 1
12 11 1
11 14 1
14 11 1
11 17 1
17 11 1
11 20 1
20 11 1
11 38 1
38 11 1
11 65 1
65 11 1
11 92 1
92 11 1
11 173 1
173 11 1
11 254 1
254 11 1
11 497 1
497 11 1
12 15 1
15 12 1
12 18 1
18 12 1
12 21 1
21 12 1
12 39 1
39 12 1
12 66 1
66 12 1
12 93 1
93 12 1
12 174 1
174 12 1
12 255 1
255 12 1
12 498 1
498 12 1
13 14 1
14 13 1
13 15 1
15 13 1
13 16 1
16 13 1
13 22 1
22 13 1
13 40 1
40 13 1
13 67 1
67 13 1
13 94 1
94 13 1
13 175 1
175 13 1
13 256 1
256 13 1
13 499 1
499 13 1
14 15 1
15 14 1
14 17 1
17 14 1
14 23 1
23 14 1
14 41 1
41 14 1
14 68 1
68 14 1
14 95 1
95 14 1
14 176 1
176 14 1
14 257 1
257 14 1
14 500 1
500 14 1
15 18 1
18 15 1
15 24 1
24 15 1
15 42 1
42 15 1
15 69 1
69 15 1
15 96 1
96 15 1
15 177 1
177 15 1
15 258 1
258 15 1
15 501 1
501 15 1
16 17 1
17 16 1
16 18 1
18 16 1
16 25 1
25 16 1
16 43 1
43 16 1
16 70 1
70 16 1
16 97 1
97 16 1
16 178 1
178 16 1
16 259 1
259 16 1
16 502 1
502 16 1
17 18 1
18 17 1
17 26 1
26 17 1
17 44 1
44 17 1
17 71 1
71 17 1
17 98 1
98 17 1
17 179 1
179 17 1
17 260 1
260 17 1
17 503 1
503 17 1
18 27 1
27 18 1
18 45 1
45 18 1
18 72 1
72 18 1
18 99 1
99 18 1
18 180 1
180 18 1
18 261 1
261 18 1
18 504 1
504 18 1
19 20 1
20 19 1
19 21 1
21 19 1
19 22 1
22 19 1
19 25 1
25 19 1
19 46 1
46 19 1
19 73 1
73 19 1
19 100 1
100 19 1
19 181 1
181 19 1
19 262 1
262 19 1
19 505 1
505 19 1
20 21 1
21 20 1
20 23 1
23 20 1
20 26 1
26 20 1
20 47 1
47 20 1
20 74 1
74 20 1
20 101 1
101 20 1
20 182 1
182 20 1
20 263 1
263 20 1
20 506 1
506 20 1
21 24 1
24 21 1
21 27 1
27 21 1
21 48 1
48 21 1
21 75 1
75 21 1
21 102 1
102 21 1
21 183 1
183 21 1
21 264 1
264 21 1
21 507 1
507 21 1
22 23 1
23 22 1
22 24 1
24 22 1
22 25 1
25 22 1
22 49 1
49 22 1
22 76 1
76 22 1
22 103 1
103 22 1
22 184 1
184 22 1
22 265 1
265 22 1
22 508 1
508 22 1
23 24 1
24 23 1
23 26 1
26 23 1
23 50 1
50 23 1
23 77 1
77 23 1
23 104 1
104 23 1
23 185 1
185 23 1
23 266 1
266 23 1
23 509 1
509 23 1
24 27 1
27 24 1
24 51 1
51 24 1
24 78 1
78 24 1
24 105 1
105 24 1
24 186 1
186 24 1
24 267 1
267 24 1
24 510 1
510 24 1
25 26 1
26 25 1
25 27 1
27 25 1
25 52 1
52 25 1
25 79 1
79 25 1
25 106 1
106 25 1
25 187 1
187 25 1
25 268 1
268 25 1
25 511 1
511 25 1
26 27 1
27 26 1
26 53 1
53 26 1
26 80 1
80 26 1
26 107 1
107 26 1
26 188 1
188 26 1
26 269 1
269 26 1
26 512 1
512 26 1
27 54 1
54 27 1
27 81 1
81 27 1
27 108 1
108 27 1
27 189 1
189 27 1
27 270 1
270 27 1
27 513 1
513 27 1
28 29 1
29 28 1
28 30 1
30 28 1
28 31 1
31 28 1
28 34 1
34 28 1
28 37 1
37 28 1
28 46 1
46 28 1
28 55 1
55 28 1
28 109 1
109 28 1
28 190 1
190 28 1
28 271 1
271 28 1
28 514 1
514 28 1
29 30 1
30 29 1
29 32 1
32 29 1
29 35 1
35 29 1
29 38 1
38 29 1
29 47 1
47 29 1
29 56 1
56 29 1
29 110 1
110 29 1
29 191 1
191 29 1
29 272 1
272 29 1
29 515 1
515 29 1
30 33 1
33 30 1
30 36 1
36 30 1
30 39 1
39 30 1
30 48 1
48 30 1
30 57 1
57 30 1
30 111 1
111 30 1
30 192 1
192 30 1
30 273 1
273 30 1
30 516 1
516 30 1
31 32 1
32 31 1
31 33 1
33 31 1
31 34 1
34 31 1
31 40 1
40 31 1
31 49 1
49 31 1
31 58 1
58 31 1
31 112 1
112 31 1
31 193 1
193 31 1
31 274 1
274 31 1
31 517 1
517 31 1
32 33 1
33 32 1
32 35 1
35 32 1
32 41 1
41 32 1
32 50 1
50 32 1
32 59 1
59 32 1
32 113 1
113 32 1
32 194 1
194 32 1
32 275 1
275 32 1
32 518 1
518 32 1
33 36 1
36 33 1
33 42 1
42 33 1
33 51 1
51 33 1
33 60 1
60 33 1
33 114 1
114 33 1
33 195 1
195 33 1
33 276 1
276 33 1
33 519 1
519 33 1
34 35 1
35 34 1
34 36 1
36 34 1
34 43 1
43 34 1
34 52 1
52 34 1
34 61 1
61 34 1
34 115 1
115 34 1
34 196 1
196 34 1
34 277 1
277 34 1
34 520 1
520 34 1
35 36 1
36 35 1
35 44 1
44 35 1
35 53 1
53 35 1
35 62 1
62 35 1
35 116 1
116 35 1
35 197 1
197 35 1
35 278 1
278 35 1
35 521 1
521 35 1
36 45 1
45 36 1
36 54 1
54 36 1
36 63 1
63 36 1
36 117 1
117 36 1
36 198 1
198 36 1
36 279 1
279 36 1
36 522 1
522 36 1
37 38 1
38 37 1
37 39 1
39 37 1
37 40 1
40 37 1
37 43 1
43 37 1
37 46 1
46 37 1
37 64 1
64 37 1
37 118 1
118 37 1
37 199 1
199 37 1
37 280 1
280 37 1
37 523 1
523 37 1
38 39 1
39 38 1
38 41 1
41 38 1
38 44 1
44 38 1
38 47 1
47 38 1
38 65 1
65 38 1
38 119 1
119 38 1
38 200 1
200 38 1
38 281 1
281 38 1
38 524 1
524 38 1
39 42 1
42 39 1
39 45 1
45 39 1
39 48 1
48 39 1
39 66 1
66 39 1
39 120 1
120 39 1
39 201 1
201 39 1
39 282 1
282 39 1
39 525 1
525 39 1
40 41 1
41 40 1
40 42 1
42 40 1
40 43 1
43 40 1
40 49 1
49 40 1
40 67 1
67 40 1
40 121 1
121 40 1
40 202 1
202 40 1
40 283 1
283 40 1
40 526 1
526 40 1
41 42 1
42 41 1
41 44 1
44 41 1
41 50 1
50 41 1
41 68 1
68 41 1
41 122 1
122 41 1
41 203 1
203 41 1
41 284 1
284 41 1
41 527 1
527 41 1
42 45 1
45 42 1
42 51 1
51 42 1
42 69 1
69 42 1
42 123 1
123 42 1
42 204 1
204 42 1
42 285 1
285 42 1
42 528 1
528 42 1
43 44 1
44 43 1
43 45 1
45 43 1
43 52 1
52 43 1
43 70 1
70 43 1
43 124 1
124 43 1
43 205 1
205 43 1
43 286 1
286 43 1
43 529 1
529 43 1
44 45 1
45 44 1
44 53 1
53 44 1
44 71 1
71 44 1
44 125 1
125 44 1
44 206 1
206 44 1
44 287 1
287 44 1
44 530 1
530 44 1
45 54 1
54 45 1
45 72 1
72 45 1
45 126 1
126 45 1
45 207 1
207 45 1
45 288 1
288 45 1
45 531 1
531 45 1
46 47 1
47 46 1
46 48 1
48 46 1
46 49 1
49 46 1
46 52 1
52 46 1
46 73 1
73 46 1
46 127 1
127 46 1
46 208 1
208 46 1
46 289 1
289 46 1
46 532 1
532 46 1
47 48 1
48 47 1
47 50 1
50 47 1
47 53 1
53 47 1
47 74 1
74 47 1
47 128 1
128 47 1
47 209 1
209 47 1
47 290 1
290 47 1
47 533 1
533 47 1
48 51 1
51 48 1
48 54 1
54 48 1
48 75 1
75 48 1
48 129 1
129 48 1
48 210 1
210 48 1
48 291 1
291 48 1
48 534 1
534 48 1
49 50 1
50 49 1
49 51 1
51 49 1
49 52 1
52 49 1
49 76 1
76 49 1
49 130 1
130 49 1
49 211 1
211 49 1
49 292 1
292 49 1
49 535 1
535 49 1
50 51 1
51 50 1
50 53 1
53 50 1
50 77 1
77 50 1
50 131 1
131 50 1
50 212 1
212 50 1
50 293 1
293 50 1
50 536 1
536 50 1
51 54 1
54 51 1
51 78 1
78 51 1
51 132 1
132 51 1
51 213 1
213 51 1
51 294 1
294 51 1
51 537 1
537 51 1
52 53 1
53 52 1
52 54 1
54 52 1
52 79 1
79 52 1
52 133 1
133 52 1
52 214 1
214 52 1
52 295 1
295 52 1
52 538 1
538 52 1
53 54 1
54 53 1
53 80 1
80 53 1
53 134 1
134 53 1
53 215 1
215 53 1
53 296 1
296 53 1
53 539 1
539 53 1
54 81 1
81 54 1
54 135 1
135 54 1
54 216 1
216 54 1
54 297 1
297 54 1
54 540 1
540 54 1
55 56 1
56 55 1
55 57 1
57 55 1
55 58 1
58 55 1
55 61 1
61 55 1
55 64 1
64 55 1
55 73 1
73 55 1
55 136 1
136 55 1
55 217 1
217 55 1
55 298 1
298 55 1
55 541 1
541 55 1
56 57 1
57 56 1
56 59 1
59 56 1
56 62 1
62 56 1
56 65 1
65 56 1
56 74 1
74 56 1
56 137 1
137 56 1
56 218 1
218 56 1
56 299 1
299 56 1
56 542 1
542 56 1
57 60 1
60 57 1
57 63 1
63 57 1
57 66 1
66 57 1
57 75 1
75 57 1
57 138 1
138 57 1
57 219 1
219 57 1
57 300 1
300 57 1
57 543 1
543 57 1
58 59 1
59 58 1
58 60 1
60 58 1
58 61 1
61 58 1
58 67 1
67 58 1
58 76 1
76 58 1
58 139 1
139 58 1
58 220 1
220 58 1
58 301 1
301 58 1
58 544 1
544 58 1
59 60 1
60 59 1
59 62 1
62 59 1
59 68 1
68 59 1
59 77 1
77 59 1
59 140 1
140 59 1
59 221 1
221 59 1
59 302 1
302 59 1
59 545 1
545 59 1
60 63 1
63 60 1
60 69 1
69 60 1
60 78 1
78 60 1
60 141 1
141 60 1
60 222 1
222 60 1
60 303 1
303 60 1
60 546 1
546 60 1
61 62 1
62 61 1
61 63 1
63 61 1
61 70 1
70 61 1
61 79 1
79 61 1
61 142 1
142 61 1
61 223 1
223 61 1
61 304 1
304 61 1
61 547 1
547 61 1
62 63 1
63 62 1
62 71 1
71 62 1
62 80 1
80 62 1
62 143 1
143 62 1
62 224 1
224 62 1
62 305 1
305 62 1
62 548 1
548 62 1
63 72 1
72 63 1
63 81 1
81 63 1
63 144 1
144 63 1
63 225 1
225 63 1
63 306 1
306 63 1
63 549 1
549 63 1
64 65 1
65 64 1
64 66 1
66 64 1
64 67 1
67 64 1
64 70 1
70 64 1
64 73 1
73 64 1
64 145 1
145 64 1
64 226 1
226 64 1
64 307 1
307 64 1
64 550 1
550 64 1
65 66 1
66 65 1
65 68 1
68 65 1
65 71 1
71 65 1
65 74 1
74 65 1
65 146 1
146 65 1
65 227 1
227 65 1
65 308 1
308 65 1
65 551 1
551 65 1
66 69 1
69 66 1
66 72 1
72 66 1
66 75 1
75 66 1
66 147 1
147 66 1
66 228 1
228 66 1
66 309 1
309 66 1
66 552 1
552 66 1
67 68 1
68 67 1
67 69 1
69 67 1
67 70 1
70 67 1
67 76 1
76 67 1
67 148 1
148 67 1
67 229 1
229 67 1
67 310 1
310 67 1
67 553 1
553 67 1
68 69 1
69 68 1
68 71 1
71 68 1
68 77 1
77 68 1
68 149 1
149 68 1
68 230 1
230 68 1
68 311 1
311 68 1
68 554 1
554 68 1
69 72 1
72 69 1
69 78 1
78 69 1
69 150 1
150 69 1
69 231 1
231 69 1
69 312 1
312 69 1
69 555 1
555 69 1
70 71 1
71 70 1
70 72 1
72 70 1
70 79 1
79 70 1
70 151 1
151 70 1
70 232 1
232 70 1
70 313 1
313 70 1
70 556 1
556 70 1
71 72 1
72 71 1
71 80 1
80 71 1
71 152 1
152 71 1
71 233 1
233 71 1
71 314 1
314 71 1
71 557 1
557 71 1
72 81 1
81 72 1
72 153 1
153 72 1
72 234 1
234 72 1
72 315 1
315 72 1
72 558 1
558 72 1
73 74 1
74 73 1
73 75 1
75 73 1
73 76 1
76 73 1
73 79 1
79 73 1
73 154 1
154 73 1
73 235 1
235 73 1
73 316 1
316 73 1
73 559 1
559 73 1
74 75 1
75 74 1
74 77 1
77 74 1
74 80 1
80 74 1
74 155 1
155 74 1
74 236 1
236 74 1
74 317 1
317 74 1
74 560 1
560 74 1
75 78 1
78 75 1
75 81 1
81 75 1
75 156 1
156 75 1
75 237 1
237 75 1
75 318 1
318 75 1
75 561 1
561 75 1
76 77 1
77 76 1
76 78 1
78 76 1
76 79 1
79 76 1
76 157 1
157 76 1
76 238 1
238 76 1
76 319 1
319 76 1
76 562 1
562 76 1
77 78 1
78 77 1
77 80 1
80 77 1
77 158 1
158 77 1
77 239 1
239 77 1
77 320 1
320 77 1
77 563 1
563 77 1
78 81 1
81 78 1
78 159 1
159 78 1
78 240 1
240 78 1
78 321 1
321 78 1
78 564 1
564 78 1
79 80 1
80 79 1
79 81 1
81 79 1
79 160 1
160 79 1
79 241 1
241 79 1
79 322 1
322 79 1
79 565 1
565 79 1
80 81 1
81 80 1
80 161 1
161 80 1
80 242 1
242 80 1
80 323 1
323 80 1
80 566 1
566 80 1
81 162 1
162 81 1
81 243 1
243 81 1
81 324 1
324 81 1
81 567 1
567 81 1
82 83 1
83 82 1
82 84 1
84 82 1
82 85 1
85 82 1
82 88 1
88 82 1
82 91 1
91 82 1
82 100 1
100 82 1
82 109 1
109 82 1
82 136 1
136 82 1
82 163 1
163 82 1
82 325 1
325 82 1
82 568 1
568 82 1
83 84 1
84 83 1
83 86 1
86 83 1
83 89 1
89 83 1
83 92 1
92 83 1
83 101 1
101 83 1
83 110 1
110 83 1
83 137 1
137 83 1
83 164 1
164 83 1
83 326 1
326 83 1
83 569 1
569 83 1
84 87 1
87 84 1
84 90 1
90 84 1
84 93 1
93 84 1
84 102 1
102 84 1
84 111 1
111 84 1
84 138 1
138 84 1
84 165 1
165 84 1
84 327 1
327 84 1
84 570 1
570 84 1
85 86 1
86 85 1
85 87 1
87 85 1
85 88 1
88 85 1
85 94 1
94 85 1
85 103 1
103 85 1
85 112 1
112 85 1
85 139 1
139 85 1
85 166 1
166 85 1
85 328 1
328 85 1
85 571 1
571 85 1
86 87 1
87 86 1
86 89 1
89 86 1
86 95 1
95 86 1
86 104 1
104 86 1
86 113 1
113 86 1
86 140 1
140 86 1
86 167 1
167 86 1
86 329 1
329 86 1
86 572 1
572 86 1
87 90 1
90 87 1
87 96 1
96 87 1
87 105 1
105 87 1
87 114 1
114 87 1
87 141 1
141 87 1
87 168 1
168 87 1
87 330 1
330 87 1
87 573 1
573 87 1
88 89 1
89 88 1
88 90 1
90 88 1
88 97 1
97 88 1
88 106 1
106 88 1
88 115 1
115 88 1
88 142 1
142 88 1
88 169 1
169 88 1
88 331 1
331 88 1
88 574 1
574 88 1
89 90 1
90 89 1
89 98 1
98 89 1
89 107 1
107 89 1
89 116 1
116 89 1
89 143 1
143 89 1
89 170 1
170 89 1
89 332 1
332 89 1
89 575 1
575 89 1
90 99 1
99 90 1
90 108 1
108 90 1
90 117 1
117 90 1
90 144 1
144 90 1
90 171 1
171 90 1
90 333 1
333 90 1
90 576 1
576 90 1
91 92 1
92 91 1
91 93 1
93 91 1
91 94 1
94 91 1
91 97 1
97 91 1
91 100 1
100 91 1
91 118 1
118 91 1
91 145 1
145 91 1
91 172 1
172 91 1
91 334 1
334 91 1
91 577 1
577 91 1
92 93 1
93 92 1
92 95 1
95 92 1
92 98 1
98 92 1
92 101 1
101 92 1
92 119 1
119 92 1
92 146 1
146 92 1
92 173 1
173 92 1
92 335 1
335 92 1
92 578 1
578 92 1
93 96 1
96 93 1
93 99 1
99 93 1
93 102 1
102 93 1
93 120 1
120 93 1
93 147 1
147 93 1
93 174 1
174 93 1
93 336 1
336 93 1
93 579 1
579 93 1
94 95 1
95 94 1
94 96 1
96 94 1
94 97 1
97 94 1
94 103 1
103 94 1
94 121 1
121 94 1
94 148 1
148 94 1
94 175 1
175 94 1
94 337 1
337 94 1
94 580 1
580 94 1
95 96 1
96 95 1
95 98 1
98 95 1
95 104 1
104 95 1
95 122 1
122 95 1
95 149 1
149 95 1
95 176 1
176 95 1
95 338 1
338 95 1
95 581 1
581 95 1
96 99 1
99 96 1
96 105 1
105 96 1
96 123 1
123 96 1
96 150 1
150 96 1
96 177 1
177 96 1
96 339 1
339 96 1
96 582 1
582 96 1
97 98 1
98 97 1
97 99 1
99 97 1
97 106 1
106 97 1
97 124 1
124 97 1
97 151 1
151 97 1
97 178 1
178 97 1
97 340 1
340 97 1
97 583 1
583 97 1
98 99 1
99 98 1
98 107 1
107 98 1
98 125 1
125 98 1
98 152 1
152 98 1
98 179 1
179 98 1
98 341 1
341 98 1
98 584 1
584 98 1
99 108 1
108 99 1
99 126 1
126 99 1
99 153 1
153 99 1
99 180 1
180 99 1
99 342 1
342 99 1
99 585 1
585 99 1
100 101 1
101 100 1
100 102 1
102 100 1
100 103 1
103 100 1
100 106 1
106 100 1
100 127 1
127 100 1
100 154 1
154 100 1
100 181 1
181 100 1
100 343 1
343 100 1
100 586 1
586 100 1
101 102 1
102 101 1
101 104 1
104 101 1
101 107 1
107 101 1
101 128 1
128 101 1
101 155 1
155 101 1
101 182 1
182 101 1
101 344 1
344 101 1
101 587 1
587 101 1
102 105 1
105 102 1
102 108 1
108 102 1
102 129 1
129 102 1
102 156 1
156 102 1
102 183 1
183 102 1
102 345 1
345 102 1
102 588 1
588 102 1
103 104 1
104 103 1
103 105 1
105 103 1
103 106 1
106 103 1
103 130 1
130 103 1
103 157 1
157 103 1
103 184 1
184 103 1
103 346 1
346 103 1
103 589 1
589 103 1
104 105 1
105 104 1
104 107 1
107 104 1
104 131 1
131 104 1
104 158 1
158 104 1
104 185 1
185 104 1
104 347 1
347 104 1
104 590 1
590 104 1
105 108 1
108 105 1
105 132 1
132 105 1
105 159 1
159 105 1
105 186 1
186 105 1
105 348 1
348 105 1
105 591 1
591 105 1
106 107 1
107 106 1
106 108 1
108 106 1
106 133 1
133 106 1
106 160 1
160 106 1
106 187 1
187 106 1
106 349 1
349 106 1
106 592 1
592 106 1
107 108 1
108 107 1
107 134 1
134 107 1
107 161 1
161 107 1
107 188 1
188 107 1
107 350 1
350 107 1
107 593 1
593 107 1
108 135 1
135 108 1
108 162 1
162 108 1
108 189 1
189 108 1
108 351 1
351 108 1
108 594 1
594 108 1
109 110 1
110 109 1
109 112 1
112 109 1
109 115 1
115 109 1
109 118 1
118 109 1
109 127 1
127 109 1
109 136 1
136 109 1
109 190 1
190 109 1
109 352 1
352 109 1
109 595 1
595 109 1
110 111 1
111 110 1
110 113 1
113 110 1
110 116 1
116 110 1
110 119 1
119 110 1
110 128 1
128 110 1
110 137 1
137 110 1
110 191 1
191 110 1
110 353 1
353 110 1
110 596 1
596 110 1
111 114 1
114 111 1
111 117 1
117 111 1
111 120 1
120 111 1
111 129 1
129 111 1
111 138 1
138 111 1
111 192 1
192 111 1
111 354 1
354 111 1
111 597 1
597 111 1
112 113 1
113 112 1
112 114 1
114 112 1
112 115 1
115 112 1
112 121 1
121 112 1
112 130 1
130 112 1
112 139 1
139 112 1
112 193 1
193 112 1
112 355 1
355 112 1
112 598 1
598 112 1
113 114 1
114 113 1
113 116 1
116 113 1
113 122 1
122 113 1
113 131 1
131 113 1
113 140 1
140 113 1
113 194 1
194 113 1
113 356 1
356 113 1
113 599 1
599 113 1
114 117 1
117 114 1
114 123 1
123 114 1
114 132 1
132 114 1
114 141 1
141 114 1
114 195 1
195 114 1
114 357 1
357 114 1
114 600 1
600 114 1
115 116 1
116 115 1
115 117 1
117 115 1
115 124 1
124 115 1
115 133 1
133 115 1
115 142 1
142 115 1
115 196 1
196 115 1
115 358 1
358 115 1
115 601 1
601 115 1
116 117 1
117 116 1
116 125 1
125 116 1
116 134 1
134 116 1
116 143 1
143 116 1
116 197 1
197 116 1
116 359 1
359 116 1
116 602 1
602 116 1
117 126 1
126 117 1
117 135 1
135 117 1
117 144 1
144 117 1
117 198 1
198 117 1
117 360 1
360 117 1
117 603 1
603 117 1
118 119 1
119 118 1
118 120 1
120 118 1
118 121 1
121 118 1
118 124 1
124 118 1
118 127 1
127 118 1
118 145 1
145 118 1
118 199 1
199 118 1
118 361 1
361 118 1
118 604 1
604 118 1
119 120 1
120 119 1
119 122 1
122 119 1
119 125 1
125 119 1
119 128 1
128 119 1
119 146 1
146 119 1
119 200 1
200 119 1
119 362 1
362 119 1
119 605 1
605 119 1
120 123 1
123 120 1
120 126 1
126 120 1
120 129 1
129 120 1
120 147 1
147 120 1
120 201 1
201 120 1
120 363 1
363 120 1
120 606 1
606 120 1
121 122 1
122 121 1
121 123 1
123 121 1
121 124 1
124 121 1
121 130 1
130 121 1
121 148 1
148 121 1
121 202 1
202 121 1
121 364 1
364 121 1
121 607 1
607 121 1
122 123 1
123 122 1
122 125 1
125 122 1
122 131 1
131 122 1
122 149 1
149 122 1
122 203 1
203 122 1
122 365 1
365 122 1
122 608 1
608 122 1
123 126 1
126 123 1
123 132 1
132 123 1
123 150 1
150 123 1
123 204 1
204 123 1
123 366 1
366 123 1
123 609 1
609 123 1
124 125 1
125 124 1
124 126 1
126 124 1
124 133 1
133 124 1
124 151 1
151 124 1
124 205 1
205 124 1
124 367 1
367 124 1
124 610 1
610 124 1
125 126 1
126 125 1
125 134 1
134 125 1
125 152 1
152 125 1
125 206 1
206 125 1
125 368 1
368 125 1
125 611 1
611 125 1
126 135 1
135 126 1
126 153 1
153 126 1
126 207 1
207 126 1
126 369 1
369 126 1
126 612 1
612 126 1
127 128 1
128 127 1
127 129 1
129 127 1
127 130 1
130 127 1
127 133 1
133 127 1
127 154 1
154 127 1
127 208 1
208 127 1
127 370 1
370 127 1
127 613 1
613 127 1
128 129 1
129 128 1
128 131 1
131 128 1
128 134 1
134 128 1
128 155 1
155 128 1
128 209 1
209 128 1
128 371 1
371 128 1
128 614 1
614 128 1
129 132 1
132 129 1
129 135 1
135 129 1
129 156 1
156 129 1
129 210 1
210 129 1
129 372 1
372 129 1
129 615 1
615 129 1
130 131 1
131 130 1
130 132 1
132 130 1
130 133 1
133 130 1
130 157 1
157 130 1
130 211 1
211 130 1
130 373 1
373 130 1
130 616 1
616 130 1
131 132 1
132 131 1
131 134 1
134 131 1
131 158 1
158 131 1
131 212 1
212 131 1
131 374 1
374 131 1
131 617 1
617 131 1
132 135 1
135 132 1
132 159 1
159 132 1
132 213 1
213 132 1
132 375 1
375 132 1
132 618 1
618 132 1
133 134 1
134 133 1
133 135 1
135 133 1
133 160 1
160 133 1
133 214 1
214 133 1
133 376 1
376 133 1
133 619 1
619 133 1
134 135 1
135 134 1
134 161 1
161 134 1
134 215 1
215 134 1
134 377 1
377 134 1
134 620 1
620 134 1
135 162 1
162 135 1
135 216 1
216 135 1
135 378 1
378 135 1
135 621 1
621 135 1
136 137 1
137 136 1
136 138 1
138 136 1
136 139 1
139 136 1
136 142 1
142 136 1
136 145 1
145 136 1
136 154 1
154 136 1
136 217 1
217 136 1
136 379 1
379 136 1
136 622 1
622 136 1
137 138 1
138 137 1
137 140 1
140 137 1
137 143 1
143 137 1
137 146 1
146 137 1
137 155 1
155 137 1
137 218 1
218 137 1
137 380 1
380 137 1
137 623 1
623 137 1
138 141 1
141 138 1
138 144 1
144 138 1
138 147 1
147 138 1
138 156 1
156 138 1
138 219 1
219 138 1
138 381 1
381 138 1
138 624 1
624 138 1
139 140 1
140 139 1
139 141 1
141 139 1
139 142 1
142 139 1
139 148 1
148 139 1
139 157 1
157 139 1
139 220 1
220 139 1
139 382 1
382 139 1
139 625 1
625 139 1
140 141 1
141 140 1
140 143 1
143 140 1
140 149 1
149 140 1
140 158 1
158 140 1
140 221 1
221 140 1
140 383 1
383 140 1
140 626 1
626 140 1
141 144 1
144 141 1
141 150 1
150 141 1
141 159 1
159 141 1
141 222 1
222 141 1
141 384 1
384 141 1
141 627 1
627 141 1
142 143 1
143 142 1
142 144 1
144 142 1
142 151 1
151 142 1
142 160 1
160 142 1
142 223 1
223 142 1
142 385 1
385 142 1
142 628 1
628 142 1
143 144 1
144 143 1
143 152 1
152 143 1
143 161 1
161 143 1
143 224 1
224 143 1
143 386 1
386 143 1
143 629 1
629 143 1
144 153 1
153 144 1
144 162 1
162 144 1
144 225 1
225 144 1
144 387 1
387 144 1
144 630 1
630 144 1
145 146 1
146 145 1
145 147 1
147 145 1
145 148 1
148 145 1
145 151 1
151 145 1
145 154 1
154 145 1
145 226 1
226 145 1
145 388 1
388 145 1
145 631 1
631 145 1
146 147 1
147 146 1
146 149 1
149 146 1
146 152 1
152 146 1
146 155 1
155 146 1
146 227 1
227 146 1
146 389 1
389 146 1
146 632 1
632 146 1
147 150 1
150 147 1
147 153 1
153 147 1
147 156 1
156 147 1
147 228 1
228 147 1
147 390 1
390 147 1
147 633 1
633 147 1
148 149 1
149 148 1
148 150 1
150 148 1
148 151 1
151 148 1
148 157 1
157 148 1
148 229 1
229 148 1
148 391 1
391 148 1
148 634 1
634 148 1
149 150 1
150 149 1
149 152 1
152 149 1
149 158 1
158 149 1
149 230 1
230 149 1
149 392 1
392 149 1
149 635 1
635 149 1
150 153 1
153 150 1
150 159 1
159 150 1
150 231 1
231 150 1
150 393 1
393 150 1
150 636 1
636 150 1
151 152 1
152 151 1
151 153 1
153 151 1
151 160 1
160 151 1
151 232 1
232 151 1
151 394 1
394 151 1
151 637 1
637 151 1
152 153 1
153 152 1
152 161 1
161 152 1
152 233 1
233 152 1
152 395 1
395 152 1
152 638 1
638 152 1
153 162 1
162 153 1
153 234 1
234 153 1
153 396 1
396 153 1
153 639 1
639 153 1
154 155 1
155 154 1
154 156 1
156 154 1
154 157 1
157 154 1
154 160 1
160 154 1
154 235 1
235 154 1
154 397 1
397 154 1
154 640 1
640 154 1
155 156 1
156 155 1
155 158 1
158 155 1
155 161 1
161 155 1
155 236 1
236 155 1
155 398 1
398 155 1
155 641 1
641 155 1
156 159 1
159 156 1
156 162 1
162 156 1
156 237 1
237 156 1
156 399 1
399 156 1
156 642 1
642 156 1
157 158 1
158 157 1
157 159 1
159 157 1
157 160 1
160 157 1
157 238 1
238 157 1
157 400 1
400 157 1
157 643 1
643 157 1
158 159 1
159 158 1
158 161 1
161 158 1
158 239 1
239 158 1
158 401 1
401 158 1
158 644 1
644 158 1
159 162 1
162 159 1
159 240 1
240 159 1
159 402 1
402 159 1
159 645 1
645 159 1
160 161 1
161 160 1
160 162 1
162 160 1
160 241 1
241 160 1
160 403 1
403 160 1
160 646 1
646 160 1
161 162 1
162 161 1
161 242 1
242 161 1
161 404 1
404 161 1
161 647 1
647 161 1
162 243 1
243 162 1
162 405 1
405 162 1
162 648 1
648 162 1
163 164 1
164 163 1
163 165 1
165 163 1
163 166 1
166 163 1
163 169 1
169 163 1
163 172 1
172 163 1
163 181 1
181 163 1
163 190 1
190 163 1
163 217 1
217 163 1
163 406 1
406 163 1
163 649 1
649 163 1
164 165 1
165 164 1
164 167 1
167 164 1
164 170 1
170 164 1
164 173 1
173 164 1
164 182 1
182 164 1
164 191 1
191 164 1
164 218 1
218 164 1
164 407 1
407 164 1
164 650 1
650 164 1
165 168 1
168 165 1
165 171 1
171 165 1
165 174 1
174 165 1
165 183 1
183 165 1
165 192 1
192 165 1
165 219 1
219 165 1
165 408 1
408 165 1
165 651 1
651 165 1
166 167 1
167 166 1
166 168 1
168 166 1
166 169 1
169 166 1
166 175 1
175 166 1
166 184 1
184 166 1
166 193 1
193 166 1
166 220 1
220 166 1
166 409 1
409 166 1
166 652 1
652 166 1
167 168 1
168 167 1
167 170 1
170 167 1
167 176 1
176 167 1
167 185 1
185 167 1
167 194 1
194 167 1
167 221 1
221 167 1
167 410 1
410 167 1
167 653 1
653 167 1
168 171 1
171 168 1
168 177 1
177 168 1
168 186 1
186 168 1
168 195 1
195 168 1
168 222 1
222 168 1
168 411 1
411 168 1
168 654 1
654 168 1
169 170 1
170 169 1
169 171 1
171 169 1
169 178 1
178 169 1
169 187 1
187 169 1
169 196 1
196 169 1
169 223 1
223 169 1
169 412 1
412 169 1
169 655 1
655 169 1
170 171 1
171 170 1
170 179 1
179 170 1
170 188 1
188 170 1
170 197 1
197 170 1
170 224 1
224 170 1
170 413 1
413 170 1
170 656 1
656 170 1
171 180 1
180 171 1
171 189 1
189 171 1
171 198 1
198 171 1
171 225 1
225 171 1
171 414 1
414 171 1
171 657 1
657 171 1
172 173 1
173 172 1
172 174 1
174 172 1
172 175 1
175 172 1
172 178 1
178 172 1
172 181 1
181 172 1
172 199 1
199 172 1
172 226 1
226 172 1
172 415 1
415 172 1
172 658 1
658 172 1
173 174 1
174 173 1
173 176 1
176 173 1
173 179 1
179 173 1
173 182 1
182 173 1
173 200 1
200 173 1
173 227 1
227 173 1
173 416 1
416 173 1
173 659 1
659 173 1
174 177 1
177 174 1
174 180 1
180 174 1
174 183 1
183 174 1
174 201 1
201 174 1
174 228 1
228 174 1
174 417 1
417 174 1
174 660 1
660 174 1
175 176 1
176 175 1
175 177 1
177 175 1
175 178 1
178 175 1
175 184 1
184 175 1
175 202 1
202 175 1
175 229 1
229 175 1
175 418 1
418 175 1
175 661 1
661 175 1
176 177 1
177 176 1
176 179 1
179 176 1
176 185 1
185 176 1
176 203 1
203 176 1
176 230 1
230 176 1
176 419 1
419 176 1
176 662 1
662 176 1
177 180 1
180 177 1
177 186 1
186 177 1
177 204 1
204 177 1
177 231 1
231 177 1
177 420 1
420 177 1
177 663 1
663 177 1
178 179 1
179 178 1
178 180 1
180 178 1
178 187 1
187 178 1
178 205 1
205 178 1
178 232 1
232 178 1
178 421 1
421 178 1
178 664 1
664 178 1
179 180 1
180 179 1
179 188 1
188 179 1
179 206 1
206 179 1
179 233 1
233 179 1
179 422 1
422 179 1
179 665 1
665 179 1
180 189 1
189 180 1
180 207 1
207 180 1
180 234 1
234 180 1
180 423 1
423 180 1
180 666 1
666 180 1
181 182 1
182 181 1
181 183 1
183 181 1
181 184 1
184 181 1
181 187 1
187 181 1
181 208 1
208 181 1
181 235 1
235 181 1
181 424 1
424 181 1
181 667 1
667 181 1
182 183 1
183 182 1
182 185 1
185 182 1
182 188 1
188 182 1
182 209 1
209 182 1
182 236 1
236 182 1
182 425 1
425 182 1
182 668 1
668 182 1
183 186 1
186 183 1
183 189 1
189 183 1
183 210 1
210 183 1
183 237 1
237 183 1
183 426 1
426 183 1
183 669 1
669 183 1
184 185 1
185 184 1
184 186 1
186 184 1
184 187 1
187 184 1
184 211 1
211 184 1
184 238 1
238 184 1
184 427 1
427 184 1
184 670 1
670 184 1
185 186 1
186 185 1
185 188 1
188 185 1
185 212 1
212 185 1
185 239 1
239 185 1
185 428 1
428 185 1
185 671 1
671 185 1
186 189 1
189 186 1
186 213 1
213 186 1
186 240 1
240 186 1
186 429 1
429 186 1
186 672 1
672 186 1
187 188 1
188 187 1
187 189 1
189 187 1
187 214 1
214 187 1
187 241 1
241 187 1
187 430 1
430 187 1
187 673 1
673 187 1
188 189 1
189 188 1
188 215 1
215 188 1
188 242 1
242 188 1
188 431 1
431 188 1
188 674 1
674 188 1
189 216 1
216 189 1
189 243 1
243 189 1
189 432 1
432 189 1
189 675 1
675 189 1
190 191 1
191 190 1
190 192 1
192 190 1
190 193 1
193 190 1
190 196 1
196 190 1
190 199 1
199 190 1
190 208 1
208 190 1
190 217 1
217 190 1
190 433 1
433 190 1
190 676 1
676 190 1
191 192 1
192 191 1
191 194 1
194 191 1
191 197 1
197 191 1
191 200 1
200 191 1
191 209 1
209 191 1
191 218 1
218 191 1
191 434 1
434 191 1
191 677 1
677 191 1
192 195 1
195 192 1
192 198 1
198 192 1
192 201 1
201 192 1
192 210 1
210 192 1
192 219 1
219 192 1
192 435 1
435 192 1
192 678 1
678 192 1
193 194 1
194 193 1
193 195 1
195 193 1
193 196 1
196 193 1
193 202 1
202 193 1
193 211 1
211 193 1
193 220 1
220 193 1
193 436 1
436 193 1
193 679 1
679 193 1
194 195 1
195 194 1
194 197 1
197 194 1
194 203 1
203 194 1
194 212 1
212 194 1
194 221 1
221 194 1
194 437 1
437 194 1
194 680 1
680 194 1
195 198 1
198 195 1
195 204 1
204 195 1
195 213 1
213 195 1
195 222 1
222 195 1
195 438 1
438 195 1
195 681 1
681 195 1
196 197 1
197 196 1
196 198 1
198 196 1
196 205 1
205 196 1
196 214 1
214 196 1
196 223 1
223 196 1
196 439 1
439 196 1
196 682 1
682 196 1
197 198 1
198 197 1
197 206 1
206 197 1
197 215 1
215 197 1
197 224 1
224 197 1
197 440 1
440 197 1
197 683 1
683 197 1
198 207 1
207 198 1
198 216 1
216 198 1
198 225 1
225 198 1
198 441 1
441 198 1
198 684 1
684 198 1
199 200 1
200 199 1
199 201 1
201 199 1
199 202 1
202 199 1
199 205 1
205 199 1
199 208 1
208 199 1
199 226 1
226 199 1
199 442 1
442 199 1
199 685 1
685 199 1
200 201 1
201 200 1
200 203 1
203 200 1
200 206 1
206 200 1
200 209 1
209 200 1
200 227 1
227 200 1
200 443 1
443 200 1
200 686 1
686 200 1
201 204 1
204 201 1
201 207 1
207 201 1
201 210 1
210 201 1
201 228 1
228 201 1
201 444 1
444 201 1
201 687 1
687 201 1
202 203 1
203 202 1
202 204 1
204 202 1
202 205 1
205 202 1
202 211 1
211 202 1
202 229 1
229 202 1
202 445 1
445 202 1
202 688 1
688 202 1
203 204 1
204 203 1
203 206 1
206 203 1
203 212 1
212 203 1
203 230 1
230 203 1
203 446 1
446 203 1
203 689 1
689 203 1
204 207 1
207 204 1
204 213 1
213 204 1
204 231 1
231 204 1
204 447 1
447 204 1
204 690 1
690 204 1
205 206 1
206 205 1
205 207 1
207 205 1
205 214 1
214 205 1
205 232 1
232 205 1
205 448 1
448 205 1
205 691 1
691 205 1
206 207 1
207 206 1
206 215 1
215 206 1
206 233 1
233 206 1
206 449 1
449 206 1
206 692 1
692 206 1
207 216 1
216 207 1
207 234 1
234 207 1
207 450 1
450 207 1
207 693 1
693 207 1
208 209 1
209 208 1
208 210 1
210 208 1
208 211 1
211 208 1
208 214 1
214 208 1
208 235 1
235 208 1
208 451 1
451 208 1
208 694 1
694 208 1
209 210 1
210 209 1
209 212 1
212 209 1
209 236 1
236 209 1
209 452 1
452 209 1
209 695 1
695 209 1
210 213 1
213 210 1
210 216 1
216 210 1
210 237 1
237 210 1
210 453 1
453 210 1
210 696 1
696 210 1
211 212 1
212 211 1
211 213 1
213 211 1
211 214 1
214 211 1
211 238 1
238 211 1
211 454 1
454 211 1
211 697 1
697 211 1
212 213 1
213 212 1
212 215 1
215 212 1
212 239 1
239 212 1
212 455 1
455 212 1
212 698 1
698 212 1
213 216 1
216 213 1
213 240 1
240 213 1
213 456 1
456 213 1
213 699 1
699 213 1
214 215 1
215 214 1
214 216 1
216 214 1
214 241 1
241 214 1
214 457 1
457 214 1
214 700 1
700 214 1
215 216 1
216 215 1
215 242 1
242 215 1
215 458 1
458 215 1
215 701 1
701 215 1
216 243 1
243 216 1
216 459 1
459 216 1
216 702 1
702 216 1
217 218 1
218 217 1
217 219 1
219 217 1
217 220 1
220 217 1
217 223 1
223 217 1
217 226 1
226 217 1
217 235 1
235 217 1
217 460 1
460 217 1
217 703 1
703 217 1
218 219 1
219 218 1
218 221 1
221 218 1
218 224 1
224 218 1
218 227 1
227 218 1
218 236 1
236 218 1
218 461 1
461 218 1
218 704 1
704 218 1
219 222 1
222 219 1
219 225 1
225 219 1
219 228 1
228 219 1
219 237 1
237 219 1
219 462 1
462 219 1
219 705 1
705 219 1
220 221 1
221 220 1
220 222 1
222 220 1
220 223 1
223 220 1
220 229 1
229 220 1
220 238 1
238 220 1
220 463 1
463 220 1
220 706 1
706 220 1
221 222 1
222 221 1
221 224 1
224 221 1
221 230 1
230 221 1
221 239 1
239 221 1
221 464 1
464 221 1
221 707 1
707 221 1
222 225 1
225 222 1
222 231 1
231 222 1
222 240 1
240 222 1
222 465 1
465 222 1
222 708 1
708 222 1
223 224 1
224 223 1
223 225 1
225 223 1
223 232 1
232 223 1
223 241 1
241 223 1
223 466 1
466 223 1
223 709 1
709 223 1
224 225 1
225 224 1
224 233 1
233 224 1
224 242 1
242 224 1
224 467 1
467 224 1
224 710 1
710 224 1
225 234 1
234 225 1
225 243 1
243 225 1
225 468 1
468 225 1
225 711 1
711 225 1
226 227 1
227 226 1
226 228 1
228 226 1
226 229 1
229 226 1
226 232 1
232 226 1
226 235 1
235 226 1
226 469 1
469 226 1
226 712 1
712 226 1
227 228 1
228 227 1
227 230 1
230 227 1
227 233 1
233 227 1
227 236 1
236 227 1
227 470 1
470 227 1
227 713 1
713 227 1
228 231 1
231 228 1
228 234 1
234 228 1
228 237 1
237 228 1
228 471 1
471 228 1
228 714 1
714 228 1
229 230 1
230 229 1
229 231 1
231 229 1
229 232 1
232 229 1
229 238 1
238 229 1
229 472 1
472 229 1
229 715 1
715 229 1
230 231 1
231 230 1
230 233 1
233 230 1
230 239 1
239 230 1
230 473 1
473 230 1
230 716 1
716 230 1
231 234 1
234 231 1
231 240 1
240 231 1
231 474 1
474 231 1
231 717 1
717 231 1
232 233 1
233 232 1
232 234 1
234 232 1
232 241 1
241 232 1
232 475 1
475 232 1
232 718 1
718 232 1
233 234 1
234 233 1
233 242 1
242 233 1
233 476 1
476 233 1
233 719 1
719 233 1
234 243 1
243 234 1
234 477 1
477 234 1
234 720 1
720 234 1
235 236 1
236 235 1
235 237 1
237 235 1
235 238 1
238 235 1
235 241 1
241 235 1
235 478 1
478 235 1
235 721 1
721 235 1
236 237 1
237 236 1
236 239 1
239 236 1
236 242 1
242 236 1
236 479 1
479 236 1
236 722 1
722 236 1
237 240 1
240 237 1
237 243 1
243 237 1
237 480 1
480 237 1
237 723 1
723 237 1
238 239 1
239 238 1
238 240 1
240 238 1
238 241 1
241 238 1
238 481 1
481 238 1
238 724 1
724 238 1
239 240 1
240 239 1
239 242 1
242 239 1
239 482 1
482 239 1
239 725 1
725 239 1
240 243 1
243 240 1
240 483 1
483 240 1
240 726 1
726 240 1
241 242 1
242 241 1
241 243 1
243 241 1
241 484 1
484 241 1
241 727 1
727 241 1
242 243 1
243 242 1
242 485 1
485 242 1
242 728 1
728 242 1
243 486 1
486 243 1
243 729 1
729 243 1
244 245 1
245 244 1
244 246 1
246 244 1
244 247 1
247 244 1
244 250 1
250 244 1
244 253 1
253 244 1
244 262 1
262 244 1
244 271 1
271 244 1
244 298 1
298 244 1
244 325 1
325 244 1
244 406 1
406 244 1
244 487 1
487 244 1
245 246 1
246 245 1
245 248 1
248 245 1
245 251 1
251 245 1
245 254 1
254 245 1
245 263 1
263 245 1
245 272 1
272 245 1
245 299 1
299 245 1
245 326 1
326 245 1
245 407 1
407 245 1
245 488 1
488 245 1
246 249 1
249 246 1
246 252 1
252 246 1
246 255 1
255 246 1
246 264 1
264 246 1
246 273 1
273 246 1
246 300 1
300 246 1
246 327 1
327 246 1
246 408 1
408 246 1
246 489 1
489 246 1
247 248 1
248 247 1
247 249 1
249 247 1
247 250 1
250 247 1
247 256 1
256 247 1
247 265 1
265 247 1
247 274 1
274 247 1
247 301 1
301 247 1
247 328 1
328 247 1
247 409 1
409 247 1
247 490 1
490 247 1
248 249 1
249 248 1
248 251 1
251 248 1
248 257 1
257 248 1
248 266 1
266 248 1
248 275 1
275 248 1
248 302 1
302 248 1
248 329 1
329 248 1
248 410 1
410 248 1
248 491 1
491 248 1
249 252 1
252 249 1
249 258 1
258 249 1
249 267 1
267 249 1
249 276 1
276 249 1
249 303 1
303 249 1
249 330 1
330 249 1
249 411 1
411 249 1
249 492 1
492 249 1
250 251 1
251 250 1
250 252 1
252 250 1
250 259 1
259 250 1
250 268 1
268 250 1
250 277 1
277 250 1
250 304 1
304 250 1
250 331 1
331 250 1
250 412 1
412 250 1
250 493 1
493 250 1
251 252 1
252 251 1
251 260 1
260 251 1
251 269 1
269 251 1
251 278 1
278 251 1
251 305 1
305 251 1
251 332 1
332 251 1
251 413 1
413 251 1
251 494 1
494 251 1
252 261 1
261 252 1
252 270 1
270 252 1
252 279 1
279 252 1
252 306 1
306 252 1
252 333 1
333 252 1
252 414 1
414 252 1
252 495 1
495 252 1
253 254 1
254 253 1
253 255 1
255 253 1
253 256 1
256 253 1
253 259 1
259 253 1
253 262 1
262 253 1
253 280 1
280 253 1
253 307 1
307 253 1
253 334 1
334 253 1
253 415 1
415 253 1
253 496 1
496 253 1
254 255 1
255 254 1
254 257 1
257 254 1
254 260 1
260 254 1
254 263 1
263 254 1
254 281 1
281 254 1
254 308 1
308 254 1
254 335 1
335 254 1
254 416 1
416 254 1
254 497 1
497 254 1
255 258 1
258 255 1
255 261 1
261 255 1
255 264 1
264 255 1
255 282 1
282 255 1
255 309 1
309 255 1
255 336 1
336 255 1
255 417 1
417 255 1
255 498 1
498 255 1
256 257 1
257 256 1
256 258 1
258 256 1
256 259 1
259 256 1
256 265 1
265 256 1
256 283 1
283 256 1
256 310 1
310 256 1
256 337 1
337 256 1
256 418 1
418 256 1
256 499 1
499 256 1
257 258 1
258 257 1
257 260 1
260 257 1
257 266 1
266 257 1
257 284 1
284 257 1
257 311 1
311 257 1
257 338 1
338 257 1
257 419 1
419 257 1
257 500 1
500 257 1
258 261 1
261 258 1
258 267 1
267 258 1
258 285 1
285 258 1
258 312 1
312 258 1
258 339 1
339 258 1
258 420 1
420 258 1
258 501 1
501 258 1
259 260 1
260 259 1
259 261 1
261 259 1
259 268 1
268 259 1
259 286 1
286 259 1
259 313 1
313 259 1
259 340 1
340 259 1
259 421 1
421 259 1
259 502 1
502 259 1
260 261 1
261 260 1
260 269 1
269 260 1
260 287 1
287 260 1
260 314 1
314 260 1
260 341 1
341 260 1
260 422 1
422 260 1
260 503 1
503 260 1
261 270 1
270 261 1
261 288 1
288 261 1
261 315 1
315 261 1
261 342 1
342 261 1
261 423 1
423 261 1
261 504 1
504 261 1
262 263 1
263 262 1
262 264 1
264 262 1
262 265 1
265 262 1
262 268 1
268 262 1
262 289 1
289 262 1
262 316 1
316 262 1
262 343 1
343 262 1
262 424 1
424 262 1
262 505 1
505 262 1
263 264 1
264 263 1
263 266 1
266 263 1
263 269 1
269 263 1
263 290 1
290 263 1
263 317 1
317 263 1
263 344 1
344 263 1
263 425 1
425 263 1
263 506 1
506 263 1
264 267 1
267 264 1
264 270 1
270 264 1
264 291 1
291 264 1
264 318 1
318 264 1
264 345 1
345 264 1
264 426 1
426 264 1
264 507 1
507 264 1
265 266 1
266 265 1
265 267 1
267 265 1
265 268 1
268 265 1
265 292 1
292 265 1
265 319 1
319 265 1
265 346 1
346 265 1
265 427 1
427 265 1
265 508 1
508 265 1
266 267 1
267 266 1
266 269 1
269 266 1
266 293 1
293 266 1
266 320 1
320 266 1
266 347 1
347 266 1
266 428 1
428 266 1
266 509 1
509 266 1
267 270 1
270 267 1
267 294 1
294 267 1
267 321 1
321 267 1
267 348 1
348 267 1
267 429 1
429 267 1
267 510 1
510 267 1
268 269 1
269 268 1
268 270 1
270 268 1
268 295 1
295 268 1
268 322 1
322 268 1
268 349 1
349 268 1
268 430 1
430 268 1
268 511 1
511 268 1
269 270 1
270 269 1
269 296 1
296 269 1
269 323 1
323 269 1
269 350 1
350 269 1
269 431 1
431 269 1
269 512 1
512 269 1
270 297 1
297 270 1
270 324 1
324 270 1
270 351 1
351 270 1
270 432 1
432 270 1
270 513 1
513 270 1
271 272 1
272 271 1
271 273 1
273 271 1
271 274 1
274 271 1
271 277 1
277 271 1
271 280 1
280 271 1
271 289 1
289 271 1
271 298 1
298 271 1
271 352 1
352 271 1
271 433 1
433 271 1
271 514 1
514 271 1
272 273 1
273 272 1
272 275 1
275 272 1
272 278 1
278 272 1
272 281 1
281 272 1
272 290 1
290 272 1
272 299 1
299 272 1
272 353 1
353 272 1
272 434 1
434 272 1
272 515 1
515 272 1
273 276 1
276 273 1
273 279 1
279 273 1
273 282 1
282 273 1
273 291 1
291 273 1
273 300 1
300 273 1
273 354 1
354 273 1
273 435 1
435 273 1
273 516 1
516 273 1
274 275 1
275 274 1
274 276 1
276 274 1
274 277 1
277 274 1
274 283 1
283 274 1
274 292 1
292 274 1
274 301 1
301 274 1
274 355 1
355 274 1
274 436 1
436 274 1
274 517 1
517 274 1
275 276 1
276 275 1
275 278 1
278 275 1
275 284 1
284 275 1
275 293 1
293 275 1
275 302 1
302 275 1
275 356 1
356 275 1
275 437 1
437 275 1
275 518 1
518 275 1
276 279 1
279 276 1
276 285 1
285 276 1
276 294 1
294 276 1
276 303 1
303 276 1
276 357 1
357 276 1
276 438 1
438 276 1
276 519 1
519 276 1
277 278 1
278 277 1
277 279 1
279 277 1
277 286 1
286 277 1
277 295 1
295 277 1
277 304 1
304 277 1
277 358 1
358 277 1
277 439 1
439 277 1
277 520 1
520 277 1
278 279 1
279 278 1
278 287 1
287 278 1
278 296 1
296 278 1
278 305 1
305 278 1
278 359 1
359 278 1
278 440 1
440 278 1
278 521 1
521 278 1
279 288 1
288 279 1
279 297 1
297 279 1
279 306 1
306 279 1
279 360 1
360 279 1
279 441 1
441 279 1
279 522 1
522 279 1
280 281 1
281 280 1
280 282 1
282 280 1
280 283 1
283 280 1
280 286 1
286 280 1
280 289 1
289 280 1
280 307 1
307 280 1
280 361 1
361 280 1
280 442 1
442 280 1
280 523 1
523 280 1
281 282 1
282 281 1
281 284 1
284 281 1
281 287 1
287 281 1
281 290 1
290 281 1
281 308 1
308 281 1
281 362 1
362 281 1
281 443 1
443 281 1
281 524 1
524 281 1
282 285 1
285 282 1
282 288 1
288 282 1
282 291 1
291 282 1
282 309 1
309 282 1
282 363 1
363 282 1
282 444 1
444 282 1
282 525 1
525 282 1
283 284 1
284 283 1
283 285 1
285 283 1
283 286 1
286 283 1
283 292 1
292 283 1
283 310 1
310 283 1
283 364 1
364 283 1
283 445 1
445 283 1
283 526 1
526 283 1
284 285 1
285 284 1
284 287 1
287 284 1
284 293 1
293 284 1
284 311 1
311 284 1
284 365 1
365 284 1
284 446 1
446 284 1
284 527 1
527 284 1
285 288 1
288 285 1
285 294 1
294 285 1
285 312 1
312 285 1
285 366 1
366 285 1
285 447 1
447 285 1
285 528 1
528 285 1
286 287 1
287 286 1
286 288 1
288 286 1
286 295 1
295 286 1
286 313 1
313 286 1
286 367 1
367 286 1
286 448 1
448 286 1
286 529 1
529 286 1
287 288 1
288 287 1
287 296 1
296 287 1
287 314 1
314 287 1
287 368 1
368 287 1
287 449 1
449 287 1
287 530 1
530 287 1
288 297 1
297 288 1
288 315 1
315 288 1
288 369 1
369 288 1
288 450 1
450 288 1
288 531 1
531 288 1
289 290 1
290 289 1
289 291 1
291 289 1
289 292 1
292 289 1
289 295 1
295 289 1
289 316 1
316 289 1
289 370 1
370 289 1
289 451 1
451 289 1
289 532 1
532 289 1
290 291 1
291 290 1
290 293 1
293 290 1
290 296 1
296 290 1
290 317 1
317 290 1
290 371 1
371 290 1
290 452 1
452 290 1
290 533 1
533 290 1
291 294 1
294 291 1
291 297 1
297 291 1
291 318 1
318 291 1
291 372 1
372 291 1
291 453 1
453 291 1
291 534 1
534 291 1
292 293 1
293 292 1
292 294 1
294 292 1
292 295 1
295 292 1
292 319 1
319 292 1
292 373 1
373 292 1
292 454 1
454 292 1
292 535 1
535 292 1
293 294 1
294 293 1
293 296 1
296 293 1
293 320 1
320 293 1
293 374 1
374 293 1
293 455 1
455 293 1
293 536 1
536 293 1
294 297 1
297 294 1
294 321 1
321 294 1
294 375 1
375 294 1
294 456 1
456 294 1
294 537 1
537 294 1
295 296 1
296 295 1
295 297 1
297 295 1
295 322 1
322 295 1
295 376 1
376 295 1
295 457 1
457 295 1
295 538 1
538 295 1
296 297 1
297 296 1
296 323 1
323 296 1
296 377 1
377 296 1
296 458 1
458 296 1
296 539 1
539 296 1
297 324 1
324 297 1
297 378 1
378 297 1
297 459 1
459 297 1
297 540 1
540 297 1
298 299 1
299 298 1
298 300 1
300 298 1
298 301 1
301 298 1
298 304 1
304 298 1
298 307 1
307 298 1
298 316 1
316 298 1
298 379 1
379 298 1
298 460 1
460 298 1
298 541 1
541 298 1
299 300 1
300 299 1
299 302 1
302 299 1
299 305 1
305 299 1
299 308 1
308 299 1
299 317 1
317 299 1
299 380 1
380 299 1
299 461 1
461 299 1
299 542 1
542 299 1
300 303 1
303 300 1
300 306 1
306 300 1
300 309 1
309 300 1
300 318 1
318 300 1
300 381 1
381 300 1
300 462 1
462 300 1
300 543 1
543 300 1
301 302 1
302 301 1
301 303 1
303 301 1
301 304 1
304 301 1
301 310 1
310 301 1
301 319 1
319 301 1
301 382 1
382 301 1
301 463 1
463 301 1
301 544 1
544 301 1
302 303 1
303 302 1
302 305 1
305 302 1
302 311 1
311 302 1
302 320 1
320 302 1
302 383 1
383 302 1
302 464 1
464 302 1
302 545 1
545 302 1
303 306 1
306 303 1
303 312 1
312 303 1
303 321 1
321 303 1
303 384 1
384 303 1
303 465 1
465 303 1
303 546 1
546 303 1
304 305 1
305 304 1
304 306 1
306 304 1
304 313 1
313 304 1
304 322 1
322 304 1
304 385 1
385 304 1
304 466 1
466 304 1
304 547 1
547 304 1
305 306 1
306 305 1
305 314 1
314 305 1
305 323 1
323 305 1
305 386 1
386 305 1
305 467 1
467 305 1
305 548 1
548 305 1
306 315 1
315 306 1
306 324 1
324 306 1
306 387 1
387 306 1
306 468 1
468 306 1
306 549 1
549 306 1
307 308 1
308 307 1
307 309 1
309 307 1
307 310 1
310 307 1
307 313 1
313 307 1
307 316 1
316 307 1
307 388 1
388 307 1
307 469 1
469 307 1
307 550 1
550 307 1
308 309 1
309 308 1
308 311 1
311 308 1
308 314 1
314 308 1
308 317 1
317 308 1
308 389 1
389 308 1
308 470 1
470 308 1
308 551 1
551 308 1
309 312 1
312 309 1
309 315 1
315 309 1
309 318 1
318 309 1
309 390 1
390 309 1
309 471 1
471 309 1
309 552 1
552 309 1
310 311 1
311 310 1
310 312 1
312 310 1
310 313 1
313 310 1
310 319 1
319 310 1
310 391 1
391 310 1
310 472 1
472 310 1
310 553 1
553 310 1
311 312 1
312 311 1
311 314 1
314 311 1
311 320 1
320 311 1
311 392 1
392 311 1
311 473 1
473 311 1
311 554 1
554 311 1
312 315 1
315 312 1
312 321 1
321 312 1
312 393 1
393 312 1
312 474 1
474 312 1
312 555 1
555 312 1
313 314 1
314 313 1
313 315 1
315 313 1
313 322 1
322 313 1
313 394 1
394 313 1
313 475 1
475 313 1
313 556 1
556 313 1
314 315 1
315 314 1
314 323 1
323 314 1
314 395 1
395 314 1
314 476 1
476 314 1
314 557 1
557 314 1
315 324 1
324 315 1
315 396 1
396 315 1
315 477 1
477 315 1
315 558 1
558 315 1
316 317 1
317 316 1
316 318 1
318 316 1
316 319 1
319 316 1
316 322 1
322 316 1
316 397 1
397 316 1
316 478 1
478 316 1
316 559 1
559 316 1
317 318 1
318 317 1
317 320 1
320 317 1
317 323 1
323 317 1
317 398 1
398 317 1
317 479 1
479 317 1
317 560 1
560 317 1
318 321 1
321 318 1
318 324 1
324 318 1
318 399 1
399 318 1
318 480 1
480 318 1
318 561 1
561 318 1
319 320 1
320 319 1
319 321 1
321 319 1
319 322 1
322 319 1
319 400 1
400 319 1
319 481 1
481 319 1
319 562 1
562 319 1
320 321 1
321 320 1
320 323 1
323 320 1
320 401 1
401 320 1
320 482 1
482 320 1
320 563 1
563 320 1
321 324 1
324 321 1
321 402 1
402 321 1
321 483 1
483 321 1
321 564 1
564 321 1
322 323 1
323 322 1
322 324 1
324 322 1
322 403 1
403 322 1
322 484 1
484 322 1
322 565 1
565 322 1
323 324 1
324 323 1
323 404 1
404 323 1
323 485 1
485 323 1
323 566 1
566 323 1
324 405 1
405 324 1
324 486 1
486 324 1
324 567 1
567 324 1
325 326 1
326 325 1
325 327 1
327 325 1
325 328 1
328 325 1
325 331 1
331 325 1
325 334 1
334 325 1
325 343 1
343 325 1
325 352 1
352 325 1
325 379 1
379 325 1
325 406 1
406 325 1
325 568 1
568 325 1
326 327 1
327 326 1
326 329 1
329 326 1
326 335 1
335 326 1
326 344 1
344 326 1
326 353 1
353 326 1
326 380 1
380 326 1
326 407 1
407 326 1
326 569 1
569 326 1
327 330 1
330 327 1
327 333 1
333 327 1
327 336 1
336 327 1
327 345 1
345 327 1
327 354 1
354 327 1
327 381 1
381 327 1
327 408 1
408 327 1
327 570 1
570 327 1
328 329 1
329 328 1
328 330 1
330 328 1
328 331 1
331 328 1
328 337 1
337 328 1
328 346 1
346 328 1
328 355 1
355 328 1
328 382 1
382 328 1
328 409 1
409 328 1
328 571 1
571 328 1
329 330 1
330 329 1
329 332 1
332 329 1
329 338 1
338 329 1
329 347 1
347 329 1
329 356 1
356 329 1
329 383 1
383 329 1
329 410 1
410 329 1
329 572 1
572 329 1
330 333 1
333 330 1
330 339 1
339 330 1
330 348 1
348 330 1
330 357 1
357 330 1
330 384 1
384 330 1
330 411 1
411 330 1
330 573 1
573 330 1
331 332 1
332 331 1
331 333 1
333 331 1
331 340 1
340 331 1
331 349 1
349 331 1
331 358 1
358 331 1
331 385 1
385 331 1
331 412 1
412 331 1
331 574 1
574 331 1
332 333 1
333 332 1
332 341 1
341 332 1
332 350 1
350 332 1
332 359 1
359 332 1
332 386 1
386 332 1
332 413 1
413 332 1
332 575 1
575 332 1
333 342 1
342 333 1
333 351 1
351 333 1
333 360 1
360 333 1
333 387 1
387 333 1
333 414 1
414 333 1
333 576 1
576 333 1
334 335 1
335 334 1
334 336 1
336 334 1
334 337 1
337 334 1
334 340 1
340 334 1
334 343 1
343 334 1
334 361 1
361 334 1
334 388 1
388 334 1
334 415 1
415 334 1
334 577 1
577 334 1
335 336 1
336 335 1
335 338 1
338 335 1
335 341 1
341 335 1
335 344 1
344 335 1
335 362 1
362 335 1
335 389 1
389 335 1
335 416 1
416 335 1
335 578 1
578 335 1
336 339 1
339 336 1
336 342 1
342 336 1
336 345 1
345 336 1
336 363 1
363 336 1
336 390 1
390 336 1
336 417 1
417 336 1
336 579 1
579 336 1
337 338 1
338 337 1
337 339 1
339 337 1
337 340 1
340 337 1
337 346 1
346 337 1
337 364 1
364 337 1
337 391 1
391 337 1
337 418 1
418 337 1
337 580 1
580 337 1
338 339 1
339 338 1
338 341 1
341 338 1
338 347 1
347 338 1
338 365 1
365 338 1
338 392 1
392 338 1
338 419 1
419 338 1
338 581 1
581 338 1
339 342 1
342 339 1
339 348 1
348 339 1
339 366 1
366 339 1
339 393 1
393 339 1
339 420 1
420 339 1
339 582 1
582 339 1
340 341 1
341 340 1
340 342 1
342 340 1
340 349 1
349 340 1
340 367 1
367 340 1
340 394 1
394 340 1
340 421 1
421 340 1
340 583 1
583 340 1
341 342 1
342 341 1
341 350 1
350 341 1
341 368 1
368 341 1
341 395 1
395 341 1
341 422 1
422 341 1
341 584 1
584 341 1
342 351 1
351 342 1
342 369 1
369 342 1
342 396 1
396 342 1
342 423 1
423 342 1
342 585 1
585 342 1
343 344 1
344 343 1
343 345 1
345 343 1
343 346 1
346 343 1
343 349 1
349 343 1
343 370 1
370 343 1
343 397 1
397 343 1
343 424 1
424 343 1
343 586 1
586 343 1
344 345 1
345 344 1
344 347 1
347 344 1
344 350 1
350 344 1
344 371 1
371 344 1
344 398 1
398 344 1
344 425 1
425 344 1
344 587 1
587 344 1
345 348 1
348 345 1
345 351 1
351 345 1
345 372 1
372 345 1
345 399 1
399 345 1
345 426 1
426 345 1
345 588 1
588 345 1
346 347 1
347 346 1
346 348 1
348 346 1
346 349 1
349 346 1
346 373 1
373 346 1
346 400 1
400 346 1
346 427 1
427 346 1
346 589 1
589 346 1
347 348 1
348 347 1
347 350 1
350 347 1
347 374 1
374 347 1
347 401 1
401 347 1
347 428 1
428 347 1
347 590 1
590 347 1
348 351 1
351 348 1
348 375 1
375 348 1
348 402 1
402 348 1
348 429 1
429 348 1
348 591 1
591 348 1
349 350 1
350 349 1
349 351 1
351 349 1
349 376 1
376 349 1
349 403 1
403 349 1
349 430 1
430 349 1
349 592 1
592 349 1
350 351 1
351 350 1
350 377 1
377 350 1
350 404 1
404 350 1
350 431 1
431 350 1
350 593 1
593 350 1
351 378 1
378 351 1
351 405 1
405 351 1
351 432 1
432 351 1
351 594 1
594 351 1
352 353 1
353 352 1
352 354 1
354 352 1
352 355 1
355 352 1
352 358 1
358 352 1
352 361 1
361 352 1
352 370 1
370 352 1
352 379 1
379 352 1
352 433 1
433 352 1
352 595 1
595 352 1
353 354 1
354 353 1
353 356 1
356 353 1
353 359 1
359 353 1
353 362 1
362 353 1
353 371 1
371 353 1
353 380 1
380 353 1
353 434 1
434 353 1
353 596 1
596 353 1
354 357 1
357 354 1
354 360 1
360 354 1
354 363 1
363 354 1
354 372 1
372 354 1
354 381 1
381 354 1
354 435 1
435 354 1
354 597 1
597 354 1
355 356 1
356 355 1
355 357 1
357 355 1
355 358 1
358 355 1
355 364 1
364 355 1
355 373 1
373 355 1
355 382 1
382 355 1
355 436 1
436 355 1
355 598 1
598 355 1
356 357 1
357 356 1
356 359 1
359 356 1
356 365 1
365 356 1
356 374 1
374 356 1
356 383 1
383 356 1
356 437 1
437 356 1
356 599 1
599 356 1
357 360 1
360 357 1
357 366 1
366 357 1
357 375 1
375 357 1
357 384 1
384 357 1
357 438 1
438 357 1
357 600 1
600 357 1
358 359 1
359 358 1
358 360 1
360 358 1
358 367 1
367 358 1
358 376 1
376 358 1
358 385 1
385 358 1
358 439 1
439 358 1
358 601 1
601 358 1
359 360 1
360 359 1
359 368 1
368 359 1
359 377 1
377 359 1
359 386 1
386 359 1
359 440 1
440 359 1
359 602 1
602 359 1
360 369 1
369 360 1
360 378 1
378 360 1
360 387 1
387 360 1
360 441 1
441 360 1
360 603 1
603 360 1
361 362 1
362 361 1
361 363 1
363 361 1
361 364 1
364 361 1
361 367 1
367 361 1
361 370 1
370 361 1
361 388 1
388 361 1
361 442 1
442 361 1
361 604 1
604 361 1
362 363 1
363 362 1
362 365 1
365 362 1
362 368 1
368 362 1
362 371 1
371 362 1
362 389 1
389 362 1
362 443 1
443 362 1
362 605 1
605 362 1
363 366 1
366 363 1
363 369 1
369 363 1
363 372 1
372 363 1
363 390 1
390 363 1
363 444 1
444 363 1
363 606 1
606 363 1
364 365 1
365 364 1
364 366 1
366 364 1
364 367 1
367 364 1
364 373 1
373 364 1
364 391 1
391 364 1
364 445 1
445 364 1
364 607 1
607 364 1
365 366 1
366 365 1
365 368 1
368 365 1
365 374 1
374 365 1
365 392 1
392 365 1
365 446 1
446 365 1
365 608 1
608 365 1
366 369 1
369 366 1
366 375 1
375 366 1
366 393 1
393 366 1
366 447 1
447 366 1
366 609 1
609 366 1
367 368 1
368 367 1
367 369 1
369 367 1
367 376 1
376 367 1
367 394 1
394 367 1
367 448 1
448 367 1
367 610 1
610 367 1
368 369 1
369 368 1
368 377 1
377 368 1
368 395 1
395 368 1
368 449 1
449 368 1
368 611 1
611 368 1
369 378 1
378 369 1
369 396 1
396 369 1
369 450 1
450 369 1
369 612 1
612 369 1
370 371 1
371 370 1
370 372 1
372 370 1
370 373 1
373 370 1
370 376 1
376 370 1
370 397 1
397 370 1
370 451 1
451 370 1
370 613 1
613 370 1
371 372 1
372 371 1
371 374 1
374 371 1
371 377 1
377 371 1
371 398 1
398 371 1
371 452 1
452 371 1
371 614 1
614 371 1
372 375 1
375 372 1
372 378 1
378 372 1
372 399 1
399 372 1
372 453 1
453 372 1
372 615 1
615 372 1
373 374 1
374 373 1
373 375 1
375 373 1
373 376 1
376 373 1
373 400 1
400 373 1
373 454 1
454 373 1
373 616 1
616 373 1
374 375 1
375 374 1
374 377 1
377 374 1
374 401 1
401 374 1
374 455 1
455 374 1
374 617 1
617 374 1
375 378 1
378 375 1
375 402 1
402 375 1
375 456 1
456 375 1
375 618 1
618 375 1
376 377 1
377 376 1
376 378 1
378 376 1
376 403 1
403 376 1
376 457 1
457 376 1
376 619 1
619 376 1
377 378 1
378 377 1
377 404 1
404 377 1
377 458 1
458 377 1
377 620 1
620 377 1
378 405 1
405 378 1
378 459 1
459 378 1
378 621 1
621 378 1
379 380 1
380 379 1
379 381 1
381 379 1
379 382 1
382 379 1
379 385 1
385 379 1
379 388 1
388 379 1
379 397 1
397 379 1
379 460 1
460 379 1
379 622 1
622 379 1
380 381 1
381 380 1
380 383 1
383 380 1
380 386 1
386 380 1
380 389 1
389 380 1
380 398 1
398 380 1
380 461 1
461 380 1
380 623 1
623 380 1
381 384 1
384 381 1
381 387 1
387 381 1
381 390 1
390 381 1
381 399 1
399 381 1
381 462 1
462 381 1
381 624 1
624 381 1
382 383 1
383 382 1
382 384 1
384 382 1
382 385 1
385 382 1
382 391 1
391 382 1
382 400 1
400 382 1
382 463 1
463 382 1
382 625 1
625 382 1
383 384 1
384 383 1
383 386 1
386 383 1
383 392 1
392 383 1
383 401 1
401 383 1
383 464 1
464 383 1
383 626 1
626 383 1
384 387 1
387 384 1
384 393 1
393 384 1
384 402 1
402 384 1
384 465 1
465 384 1
384 627 1
627 384 1
385 386 1
386 385 1
385 387 1
387 385 1
385 394 1
394 385 1
385 403 1
403 385 1
385 466 1
466 385 1
385 628 1
628 385 1
386 387 1
387 386 1
386 395 1
395 386 1
386 404 1
404 386 1
386 467 1
467 386 1
386 629 1
629 386 1
387 396 1
396 387 1
387 405 1
405 387 1
387 468 1
468 387 1
387 630 1
630 387 1
388 389 1
389 388 1
388 390 1
390 388 1
388 391 1
391 388 1
388 394 1
394 388 1
388 397 1
397 388 1
388 469 1
469 388 1
388 631 1
631 388 1
389 390 1
390 389 1
389 392 1
392 389 1
389 395 1
395 389 1
389 398 1
398 389 1
389 470 1
470 389 1
389 632 1
632 389 1
390 393 1
393 390 1
390 396 1
396 390 1
390 399 1
399 390 1
390 471 1
471 390 1
390 633 1
633 390 1
391 392 1
392 391 1
391 393 1
393 391 1
391 394 1
394 391 1
391 400 1
400 391 1
391 472 1
472 391 1
391 634 1
634 391 1
392 393 1
393 392 1
392 395 1
395 392 1
392 401 1
401 392 1
392 473 1
473 392 1
392 635 1
635 392 1
393 396 1
396 393 1
393 402 1
402 393 1
393 474 1
474 393 1
393 636 1
636 393 1
394 395 1
395 394 1
394 396 1
396 394 1
394 403 1
403 394 1
394 475 1
475 394 1
394 637 1
637 394 1
395 396 1
396 395 1
395 404 1
404 395 1
395 476 1
476 395 1
395 638 1
638 395 1
396 405 1
405 396 1
396 477 1
477 396 1
396 639 1
639 396 1
397 398 1
398 397 1
397 399 1
399 397 1
397 400 1
400 397 1
397 403 1
403 397 1
397 478 1
478 397 1
397 640 1
640 397 1
398 399 1
399 398 1
398 401 1
401 398 1
398 404 1
404 398 1
398 479 1
479 398 1
398 641 1
641 398 1
399 402 1
402 399 1
399 405 1
405 399 1
399 480 1
480 399 1
399 642 1
642 399 1
400 401 1
401 400 1
400 402 1
402 400 1
400 403 1
403 400 1
400 481 1
481 400 1
400 643 1
643 400 1
401 402 1
402 401 1
401 404 1
404 401 1
401 482 1
482 401 1
401 644 1
644 401 1
402 405 1
405 402 1
402 483 1
483 402 1
402 645 1
645 402 1
403 404 1
404 403 1
403 405 1
405 403 1
403 484 1
484 403 1
403 646 1
646 403 1
404 405 1
405 404 1
404 485 1
485 404 1
404 647 1
647 404 1
405 486 1
486 405 1
405 648 1
648 405 1
406 407 1
407 406 1
406 408 1
408 406 1
406 409 1
409 406 1
406 412 1
412 406 1
406 415 1
415 406 1
406 424 1
424 406 1
406 433 1
433 406 1
406 460 1
460 406 1
406 649 1
649 406 1
407 408 1
408 407 1
407 410 1
410 407 1
407 413 1
413 407 1
407 416 1
416 407 1
407 425 1
425 407 1
407 434 1
434 407 1
407 461 1
461 407 1
407 650 1
650 407 1
408 411 1
411 408 1
408 414 1
414 408 1
408 417 1
417 408 1
408 426 1
426 408 1
408 435 1
435 408 1
408 462 1
462 408 1
408 651 1
651 408 1
409 410 1
410 409 1
409 411 1
411 409 1
409 412 1
412 409 1
409 418 1
418 409 1
409 427 1
427 409 1
409 436 1
436 409 1
409 463 1
463 409 1
409 652 1
652 409 1
410 411 1
411 410 1
410 413 1
413 410 1
410 419 1
419 410 1
410 428 1
428 410 1
410 437 1
437 410 1
410 464 1
464 410 1
410 653 1
653 410 1
411 414 1
414 411 1
411 420 1
420 411 1
411 429 1
429 411 1
411 438 1
438 411 1
411 465 1
465 411 1
411 654 1
654 411 1
412 413 1
413 412 1
412 414 1
414 412 1
412 421 1
421 412 1
412 430 1
430 412 1
412 439 1
439 412 1
412 466 1
466 412 1
412 655 1
655 412 1
413 414 1
414 413 1
413 422 1
422 413 1
413 431 1
431 413 1
413 440 1
440 413 1
413 467 1
467 413 1
413 656 1
656 413 1
414 423 1
423 414 1
414 432 1
432 414 1
414 441 1
441 414 1
414 468 1
468 414 1
414 657 1
657 414 1
415 416 1
416 415 1
415 417 1
417 415 1
415 418 1
418 415 1
415 421 1
421 415 1
415 424 1
424 415 1
415 442 1
442 415 1
415 469 1
469 415 1
416 417 1
417 416 1
416 419 1
419 416 1
416 422 1
422 416 1
416 425 1
425 416 1
416 443 1
443 416 1
416 470 1
470 416 1
416 659 1
659 416 1
417 420 1
420 417 1
417 423 1
423 417 1
417 426 1
426 417 1
417 444 1
444 417 1
417 471 1
471 417 1
417 660 1
660 417 1
418 419 1
419 418 1
418 420 1
420 418 1
418 421 1
421 418 1
418 427 1
427 418 1
418 445 1
445 418 1
418 472 1
472 418 1
418 661 1
661 418 1
419 420 1
420 419 1
419 422 1
422 419 1
419 428 1
428 419 1
419 446 1
446 419 1
419 473 1
473 419 1
419 662 1
662 419 1
420 423 1
423 420 1
420 429 1
429 420 1
420 447 1
447 420 1
420 474 1
474 420 1
420 663 1
663 420 1
421 422 1
422 421 1
421 423 1
423 421 1
421 430 1
430 421 1
421 448 1
448 421 1
421 475 1
475 421 1
421 664 1
664 421 1
422 423 1
423 422 1
422 431 1
431 422 1
422 449 1
449 422 1
422 476 1
476 422 1
422 665 1
665 422 1
423 432 1
432 423 1
423 450 1
450 423 1
423 477 1
477 423 1
423 666 1
666 423 1
424 425 1
425 424 1
424 426 1
426 424 1
424 427 1
427 424 1
424 430 1
430 424 1
424 451 1
451 424 1
424 478 1
478 424 1
424 667 1
667 424 1
425 426 1
426 425 1
425 428 1
428 425 1
425 431 1
431 425 1
425 452 1
452 425 1
425 479 1
479 425 1
425 668 1
668 425 1
426 429 1
429 426 1
426 432 1
432 426 1
426 453 1
453 426 1
426 480 1
480 426 1
426 669 1
669 426 1
427 428 1
428 427 1
427 429 1
429 427 1
427 430 1
430 427 1
427 454 1
454 427 1
427 481 1
481 427 1
427 670 1
670 427 1
428 429 1
429 428 1
428 431 1
431 428 1
428 455 1
455 428 1
428 482 1
482 428 1
428 671 1
671 428 1
429 432 1
432 429 1
429 456 1
456 429 1
429 483 1
483 429 1
429 672 1
672 429 1
430 431 1
431 430 1
430 432 1
432 430 1
430 457 1
457 430 1
430 484 1
484 430 1
430 673 1
673 430 1
431 432 1
432 431 1
431 458 1
458 431 1
431 485 1
485 431 1
431 674 1
674 431 1
432 459 1
459 432 1
432 486 1
486 432 1
432 675 1
675 432 1
433 434 1
434 433 1
433 435 1
435 433 1
433 436 1
436 433 1
433 439 1
439 433 1
433 442 1
442 433 1
433 451 1
451 433 1
433 460 1
460 433 1
433 676 1
676 433 1
434 435 1
435 434 1
434 437 1
437 434 1
434 440 1
440 434 1
434 443 1
443 434 1
434 452 1
452 434 1
434 461 1
461 434 1
434 677 1
677 434 1
435 438 1
438 435 1
435 441 1
441 435 1
435 444 1
444 435 1
435 453 1
453 435 1
435 462 1
462 435 1
435 678 1
678 435 1
436 437 1
437 436 1
436 438 1
438 436 1
436 439 1
439 436 1
436 445 1
445 436 1
436 454 1
454 436 1
436 463 1
463 436 1
436 679 1
679 436 1
437 438 1
438 437 1
437 440 1
440 437 1
437 446 1
446 437 1
437 455 1
455 437 1
437 464 1
464 437 1
437 680 1
680 437 1
438 441 1
441 438 1
438 447 1
447 438 1
438 456 1
456 438 1
438 465 1
465 438 1
438 681 1
681 438 1
439 440 1
440 439 1
439 448 1
448 439 1
439 457 1
457 439 1
439 466 1
466 439 1
439 682 1
682 439 1
440 441 1
441 440 1
440 449 1
449 440 1
440 458 1
458 440 1
440 467 1
467 440 1
440 683 1
683 440 1
441 450 1
450 441 1
441 459 1
459 441 1
441 468 1
468 441 1
441 684 1
684 441 1
442 443 1
443 442 1
442 444 1
444 442 1
442 445 1
445 442 1
442 448 1
448 442 1
442 451 1
451 442 1
442 469 1
469 442 1
442 685 1
685 442 1
443 444 1
444 443 1
443 446 1
446 443 1
443 449 1
449 443 1
443 452 1
452 443 1
443 470 1
470 443 1
443 686 1
686 443 1
444 447 1
447 444 1
444 450 1
450 444 1
444 453 1
453 444 1
444 471 1
471 444 1
444 687 1
687 444 1
445 446 1
446 445 1
445 447 1
447 445 1
445 448 1
448 445 1
445 454 1
454 445 1
445 472 1
472 445 1
445 688 1
688 445 1
446 447 1
447 446 1
446 449 1
449 446 1
446 455 1
455 446 1
446 473 1
473 446 1
446 689 1
689 446 1
447 450 1
450 447 1
447 456 1
456 447 1
447 474 1
474 447 1
447 690 1
690 447 1
448 449 1
449 448 1
448 450 1
450 448 1
448 457 1
457 448 1
448 475 1
475 448 1
448 691 1
691 448 1
449 450 1
450 449 1
449 458 1
458 449 1
449 476 1
476 449 1
449 692 1
692 449 1
450 459 1
459 450 1
450 477 1
477 450 1
450 693 1
693 450 1
451 452 1
452 451 1
451 453 1
453 451 1
451 454 1
454 451 1
451 457 1
457 451 1
451 478 1
478 451 1
451 694 1
694 451 1
452 453 1
453 452 1
452 455 1
455 452 1
452 458 1
458 452 1
452 479 1
479 452 1
452 695 1
695 452 1
453 456 1
456 453 1
453 459 1
459 453 1
453 480 1
480 453 1
453 696 1
696 453 1
454 455 1
455 454 1
454 456 1
456 454 1
454 457 1
457 454 1
454 481 1
481 454 1
454 697 1
697 454 1
455 456 1
456 455 1
455 458 1
458 455 1
455 482 1
482 455 1
455 698 1
698 455 1
456 459 1
459 456 1
456 483 1
483 456 1
456 699 1
699 456 1
457 458 1
458 457 1
457 459 1
459 457 1
457 484 1
484 457 1
457 700 1
700 457 1
458 459 1
459 458 1
458 485 1
485 458 1
458 701 1
701 458 1
459 486 1
486 459 1
459 702 1
702 459 1
460 461 1
461 460 1
460 462 1
462 460 1
460 463 1
463 460 1
460 466 1
466 460 1
460 469 1
469 460 1
460 478 1
478 460 1
460 703 1
703 460 1
461 462 1
462 461 1
461 464 1
464 461 1
461 467 1
467 461 1
461 470 1
470 461 1
461 479 1
479 461 1
461 704 1
704 461 1
462 465 1
465 462 1
462 468 1
468 462 1
462 471 1
471 462 1
462 480 1
480 462 1
462 705 1
705 462 1
463 464 1
464 463 1
463 465 1
465 463 1
463 466 1
466 463 1
463 472 1
472 463 1
463 481 1
481 463 1
463 706 1
706 463 1
464 465 1
465 464 1
464 467 1
467 464 1
464 473 1
473 464 1
464 482 1
482 464 1
464 707 1
707 464 1
465 468 1
468 465 1
465 474 1
474 465 1
465 483 1
483 465 1
465 708 1
708 465 1
466 467 1
467 466 1
466 468 1
468 466 1
466 475 1
475 466 1
466 484 1
484 466 1
466 709 1
709 466 1
467 468 1
468 467 1
467 476 1
476 467 1
467 485 1
485 467 1
467 710 1
710 467 1
468 477 1
477 468 1
468 486 1
486 468 1
468 711 1
711 468 1
469 470 1
470 469 1
469 471 1
471 469 1
469 472 1
472 469 1
469 475 1
475 469 1
469 478 1
478 469 1
469 712 1
712 469 1
470 471 1
471 470 1
470 473 1
473 470 1
470 476 1
476 470 1
470 479 1
479 470 1
470 713 1
713 470 1
471 474 1
474 471 1
471 477 1
477 471 1
471 480 1
480 471 1
471 714 1
714 471 1
472 473 1
473 472 1
472 474 1
474 472 1
472 475 1
475 472 1
472 481 1
481 472 1
472 715 1
715 472 1
473 474 1
474 473 1
473 476 1
476 473 1
473 482 1
482 473 1
473 716 1
716 473 1
474 477 1
477 474 1
474 483 1
483 474 1
474 717 1
717 474 1
475 476 1
476 475 1
475 477 1
477 475 1
475 484 1
484 475 1
475 718 1
718 475 1
476 477 1
477 476 1
476 485 1
485 476 1
476 719 1
719 476 1
477 486 1
486 477 1
477 720 1
720 477 1
478 479 1
479 478 1
478 480 1
480 478 1
478 481 1
481 478 1
478 484 1
484 478 1
478 721 1
721 478 1
479 480 1
480 479 1
479 482 1
482 479 1
479 485 1
485 479 1
479 722 1
722 479 1
480 483 1
483 480 1
480 486 1
486 480 1
480 723 1
723 480 1
481 482 1
482 481 1
481 483 1
483 481 1
481 484 1
484 481 1
481 724 1
724 481 1
482 483 1
483 482 1
482 485 1
485 482 1
482 725 1
725 482 1
483 486 1
486 483 1
483 726 1
726 483 1
484 485 1
485 484 1
484 486 1
486 484 1
484 727 1
727 484 1
485 486 1
486 485 1
485 728 1
728 485 1
486 729 1
729 486 1
487 488 1
488 487 1
487 489 1
489 487 1
487 490 1
490 487 1
487 493 1
493 487 1
487 496 1
496 487 1
487 505 1
505 487 1
487 514 1
514 487 1
487 541 1
541 487 1
487 568 1
568 487 1
487 649 1
649 487 1
488 489 1
489 488 1
488 491 1
491 488 1
488 494 1
494 488 1
488 497 1
497 488 1
488 506 1
506 488 1
488 515 1
515 488 1
488 542 1
542 488 1
488 569 1
569 488 1
488 650 1
650 488 1
489 492 1
492 489 1
489 495 1
495 489 1
489 498 1
498 489 1
489 507 1
507 489 1
489 516 1
516 489 1
489 543 1
543 489 1
489 570 1
570 489 1
489 651 1
651 489 1
490 491 1
491 490 1
490 492 1
492 490 1
490 493 1
493 490 1
490 499 1
499 490 1
490 508 1
508 490 1
490 517 1
517 490 1
490 544 1
544 490 1
490 571 1
571 490 1
490 652 1
652 490 1
491 492 1
492 491 1
491 494 1
494 491 1
491 500 1
500 491 1
491 509 1
509 491 1
491 518 1
518 491 1
491 545 1
545 491 1
491 572 1
572 491 1
491 653 1
653 491 1
492 495 1
495 492 1
492 501 1
501 492 1
492 510 1
510 492 1
492 519 1
519 492 1
492 546 1
546 492 1
492 573 1
573 492 1
492 654 1
654 492 1
493 494 1
494 493 1
493 495 1
495 493 1
493 502 1
502 493 1
493 511 1
511 493 1
493 520 1
520 493 1
493 547 1
547 493 1
493 574 1
574 493 1
493 655 1
655 493 1
494 495 1
495 494 1
494 503 1
503 494 1
494 512 1
512 494 1
494 521 1
521 494 1
494 548 1
548 494 1
494 575 1
575 494 1
494 656 1
656 494 1
495 504 1
504 495 1
495 513 1
513 495 1
495 522 1
522 495 1
495 549 1
549 495 1
495 576 1
576 495 1
495 657 1
657 495 1
496 497 1
497 496 1
496 498 1
498 496 1
496 499 1
499 496 1
496 502 1
502 496 1
496 505 1
505 496 1
496 523 1
523 496 1
496 550 1
550 496 1
496 577 1
577 496 1
496 658 1
658 496 1
497 498 1
498 497 1
497 500 1
500 497 1
497 503 1
503 497 1
497 506 1
506 497 1
497 524 1
524 497 1
497 551 1
551 497 1
497 578 1
578 497 1
497 659 1
659 497 1
498 501 1
501 498 1
498 504 1
504 498 1
498 507 1
507 498 1
498 525 1
525 498 1
498 552 1
552 498 1
498 579 1
579 498 1
498 660 1
660 498 1
499 500 1
500 499 1
499 501 1
501 499 1
499 502 1
502 499 1
499 508 1
508 499 1
499 526 1
526 499 1
499 553 1
553 499 1
499 580 1
580 499 1
499 661 1
661 499 1
500 501 1
501 500 1
500 503 1
503 500 1
500 509 1
509 500 1
500 527 1
527 500 1
500 554 1
554 500 1
500 581 1
581 500 1
500 662 1
662 500 1
501 504 1
504 501 1
501 510 1
510 501 1
501 528 1
528 501 1
501 555 1
555 501 1
501 582 1
582 501 1
501 663 1
663 501 1
502 503 1
503 502 1
502 504 1
504 502 1
502 511 1
511 502 1
502 529 1
529 502 1
502 556 1
556 502 1
502 583 1
583 502 1
502 664 1
664 502 1
503 504 1
504 503 1
503 512 1
512 503 1
503 530 1
530 503 1
503 557 1
557 503 1
503 584 1
584 503 1
503 665 1
665 503 1
504 513 1
513 504 1
504 531 1
531 504 1
504 558 1
558 504 1
504 585 1
585 504 1
504 666 1
666 504 1
505 506 1
506 505 1
505 507 1
507 505 1
505 508 1
508 505 1
505 511 1
511 505 1
505 532 1
532 505 1
505 559 1
559 505 1
505 586 1
586 505 1
505 667 1
667 505 1
506 507 1
507 506 1
506 509 1
509 506 1
506 512 1
512 506 1
506 533 1
533 506 1
506 560 1
560 506 1
506 587 1
587 506 1
506 668 1
668 506 1
507 510 1
510 507 1
507 513 1
513 507 1
507 534 1
534 507 1
507 561 1
561 507 1
507 588 1
588 507 1
507 669 1
669 507 1
508 509 1
509 508 1
508 510 1
510 508 1
508 511 1
511 508 1
508 535 1
535 508 1
508 562 1
562 508 1
508 589 1
589 508 1
508 670 1
670 508 1
509 510 1
510 509 1
509 512 1
512 509 1
509 536 1
536 509 1
509 563 1
563 509 1
509 590 1
590 509 1
509 671 1
671 509 1
510 513 1
513 510 1
510 537 1
537 510 1
510 564 1
564 510 1
510 591 1
591 510 1
510 672 1
672 510 1
511 512 1
512 511 1
511 513 1
513 511 1
511 538 1
538 511 1
511 565 1
565 511 1
511 592 1
592 511 1
511 673 1
673 511 1
512 513 1
513 512 1
512 539 1
539 512 1
512 566 1
566 512 1
512 593 1
593 512 1
512 674 1
674 512 1
513 540 1
540 513 1
513 567 1
567 513 1
513 594 1
594 513 1
513 675 1
675 513 1
514 515 1
515 514 1
514 516 1
516 514 1
514 517 1
517 514 1
514 520 1
520 514 1
514 523 1
523 514 1
514 532 1
532 514 1
514 541 1
541 514 1
514 595 1
595 514 1
514 676 1
676 514 1
515 516 1
516 515 1
515 518 1
518 515 1
515 521 1
521 515 1
515 524 1
524 515 1
515 533 1
533 515 1
515 542 1
542 515 1
515 596 1
596 515 1
515 677 1
677 515 1
516 519 1
519 516 1
516 522 1
522 516 1
516 525 1
525 516 1
516 534 1
534 516 1
516 543 1
543 516 1
516 597 1
597 516 1
516 678 1
678 516 1
517 518 1
518 517 1
517 519 1
519 517 1
517 520 1
520 517 1
517 526 1
526 517 1
517 535 1
535 517 1
517 544 1
544 517 1
517 598 1
598 517 1
517 679 1
679 517 1
518 519 1
519 518 1
518 521 1
521 518 1
518 527 1
527 518 1
518 536 1
536 518 1
518 545 1
545 518 1
518 599 1
599 518 1
518 680 1
680 518 1
519 522 1
522 519 1
519 528 1
528 519 1
519 537 1
537 519 1
519 546 1
546 519 1
519 600 1
600 519 1
519 681 1
681 519 1
520 521 1
521 520 1
520 522 1
522 520 1
520 529 1
529 520 1
520 538 1
538 520 1
520 547 1
547 520 1
520 601 1
601 520 1
520 682 1
682 520 1
521 522 1
522 521 1
521 530 1
530 521 1
521 539 1
539 521 1
521 548 1
548 521 1
521 602 1
602 521 1
521 683 1
683 521 1
522 531 1
531 522 1
522 540 1
540 522 1
522 549 1
549 522 1
522 603 1
603 522 1
522 684 1
684 522 1
523 524 1
524 523 1
523 525 1
525 523 1
523 526 1
526 523 1
523 529 1
529 523 1
523 532 1
532 523 1
523 550 1
550 523 1
523 604 1
604 523 1
523 685 1
685 523 1
524 525 1
525 524 1
524 527 1
527 524 1
524 530 1
530 524 1
524 533 1
533 524 1
524 551 1
551 524 1
524 605 1
605 524 1
524 686 1
686 524 1
525 528 1
528 525 1
525 531 1
531 525 1
525 534 1
534 525 1
525 552 1
552 525 1
525 606 1
606 525 1
525 687 1
687 525 1
526 527 1
527 526 1
526 528 1
528 526 1
526 529 1
529 526 1
526 535 1
535 526 1
526 553 1
553 526 1
526 607 1
607 526 1
526 688 1
688 526 1
527 528 1
528 527 1
527 530 1
530 527 1
527 536 1
536 527 1
527 554 1
554 527 1
527 608 1
608 527 1
527 689 1
689 527 1
528 531 1
531 528 1
528 537 1
537 528 1
528 555 1
555 528 1
528 609 1
609 528 1
528 690 1
690 528 1
529 530 1
530 529 1
529 531 1
531 529 1
529 538 1
538 529 1
529 556 1
556 529 1
529 610 1
610 529 1
529 691 1
691 529 1
530 531 1
531 530 1
530 539 1
539 530 1
530 557 1
557 530 1
530 611 1
611 530 1
530 692 1
692 530 1
531 540 1
540 531 1
531 558 1
558 531 1
531 612 1
612 531 1
531 693 1
693 531 1
532 533 1
533 532 1
532 534 1
534 532 1
532 535 1
535 532 1
532 538 1
538 532 1
532 559 1
559 532 1
532 613 1
613 532 1
532 694 1
694 532 1
533 534 1
534 533 1
533 536 1
536 533 1
533 539 1
539 533 1
533 560 1
560 533 1
533 614 1
614 533 1
533 695 1
695 533 1
534 537 1
537 534 1
534 540 1
540 534 1
534 561 1
561 534 1
534 615 1
615 534 1
534 696 1
696 534 1
535 536 1
536 535 1
535 537 1
537 535 1
535 538 1
538 535 1
535 562 1
562 535 1
535 616 1
616 535 1
535 697 1
697 535 1
536 537 1
537 536 1
536 539 1
539 536 1
536 563 1
563 536 1
536 617 1
617 536 1
536 698 1
698 536 1
537 540 1
540 537 1
537 564 1
564 537 1
537 618 1
618 537 1
537 699 1
699 537 1
538 539 1
539 538 1
538 540 1
540 538 1
538 565 1
565 538 1
538 619 1
619 538 1
538 700 1
700 538 1
539 540 1
540 539 1
539 566 1
566 539 1
539 620 1
620 539 1
539 701 1
701 539 1
540 567 1
567 540 1
540 621 1
621 540 1
540 702 1
702 540 1
541 542 1
542 541 1
541 543 1
543 541 1
541 544 1
544 541 1
541 547 1
547 541 1
541 550 1
550 541 1
541 559 1
559 541 1
541 622 1
622 541 1
541 703 1
703 541 1
542 543 1
543 542 1
542 545 1
545 542 1
542 548 1
548 542 1
542 551 1
551 542 1
542 560 1
560 542 1
542 623 1
623 542 1
542 704 1
704 542 1
543 546 1
546 543 1
543 549 1
549 543 1
543 552 1
552 543 1
543 561 1
561 543 1
543 624 1
624 543 1
543 705 1
705 543 1
544 545 1
545 544 1
544 546 1
546 544 1
544 547 1
547 544 1
544 553 1
553 544 1
544 562 1
562 544 1
544 625 1
625 544 1
544 706 1
706 544 1
545 546 1
546 545 1
545 548 1
548 545 1
545 554 1
554 545 1
545 563 1
563 545 1
545 626 1
626 545 1
545 707 1
707 545 1
546 549 1
549 546 1
546 555 1
555 546 1
546 564 1
564 546 1
546 627 1
627 546 1
546 708 1
708 546 1
547 548 1
548 547 1
547 549 1
549 547 1
547 556 1
556 547 1
547 565 1
565 547 1
547 628 1
628 547 1
547 709 1
709 547 1
548 549 1
549 548 1
548 557 1
557 548 1
548 566 1
566 548 1
548 629 1
629 548 1
548 710 1
710 548 1
549 558 1
558 549 1
549 567 1
567 549 1
549 630 1
630 549 1
549 711 1
711 549 1
550 551 1
551 550 1
550 552 1
552 550 1
550 553 1
553 550 1
550 556 1
556 550 1
550 559 1
559 550 1
550 631 1
631 550 1
550 712 1
712 550 1
551 552 1
552 551 1
551 554 1
554 551 1
551 557 1
557 551 1
551 560 1
560 551 1
551 632 1
632 551 1
551 713 1
713 551 1
552 555 1
555 552 1
552 558 1
558 552 1
552 561 1
561 552 1
552 633 1
633 552 1
552 714 1
714 552 1
553 554 1
554 553 1
553 555 1
555 553 1
553 556 1
556 553 1
553 562 1
562 553 1
553 634 1
634 553 1
553 715 1
715 553 1
554 555 1
555 554 1
554 557 1
557 554 1
554 563 1
563 554 1
554 635 1
635 554 1
554 716 1
716 554 1
555 558 1
558 555 1
555 564 1
564 555 1
555 636 1
636 555 1
555 717 1
717 555 1
556 557 1
557 556 1
556 558 1
558 556 1
556 565 1
565 556 1
556 637 1
637 556 1
556 718 1
718 556 1
557 558 1
558 557 1
557 566 1
566 557 1
557 638 1
638 557 1
557 719 1
719 557 1
558 567 1
567 558 1
558 639 1
639 558 1
558 720 1
720 558 1
559 560 1
560 559 1
559 561 1
561 559 1
559 562 1
562 559 1
559 565 1
565 559 1
559 640 1
640 559 1
559 721 1
721 559 1
560 561 1
561 560 1
560 563 1
563 560 1
560 566 1
566 560 1
560 641 1
641 560 1
560 722 1
722 560 1
561 564 1
564 561 1
561 567 1
567 561 1
561 642 1
642 561 1
561 723 1
723 561 1
562 563 1
563 562 1
562 564 1
564 562 1
562 565 1
565 562 1
562 643 1
643 562 1
562 724 1
724 562 1
563 564 1
564 563 1
563 566 1
566 563 1
563 644 1
644 563 1
563 725 1
725 563 1
564 567 1
567 564 1
564 645 1
645 564 1
564 726 1
726 564 1
565 566 1
566 565 1
565 567 1
567 565 1
565 646 1
646 565 1
565 727 1
727 565 1
566 567 1
567 566 1
566 647 1
647 566 1
566 728 1
728 566 1
567 648 1
648 567 1
567 729 1
729 567 1
568 569 1
569 568 1
568 570 1
570 568 1
568 571 1
571 568 1
568 574 1
574 568 1
568 577 1
577 568 1
568 586 1
586 568 1
568 595 1
595 568 1
568 622 1
622 568 1
568 649 1
649 568 1
569 570 1
570 569 1
569 572 1
572 569 1
569 575 1
575 569 1
569 578 1
578 569 1
569 587 1
587 569 1
569 596 1
596 569 1
569 623 1
623 569 1
569 650 1
650 569 1
570 573 1
573 570 1
570 576 1
576 570 1
570 579 1
579 570 1
570 588 1
588 570 1
570 597 1
597 570 1
570 624 1
624 570 1
570 651 1
651 570 1
571 572 1
572 571 1
571 573 1
573 571 1
571 574 1
574 571 1
571 580 1
580 571 1
571 589 1
589 571 1
571 598 1
598 571 1
571 625 1
625 571 1
571 652 1
652 571 1
572 573 1
573 572 1
572 575 1
575 572 1
572 581 1
581 572 1
572 590 1
590 572 1
572 599 1
599 572 1
572 626 1
626 572 1
572 653 1
653 572 1
573 576 1
576 573 1
573 582 1
582 573 1
573 591 1
591 573 1
573 600 1
600 573 1
573 627 1
627 573 1
573 654 1
654 573 1
574 575 1
575 574 1
574 576 1
576 574 1
574 583 1
583 574 1
574 592 1
592 574 1
574 601 1
601 574 1
574 628 1
628 574 1
574 655 1
655 574 1
575 576 1
576 575 1
575 584 1
584 575 1
575 593 1
593 575 1
575 602 1
602 575 1
575 629 1
629 575 1
575 656 1
656 575 1
576 585 1
585 576 1
576 594 1
594 576 1
576 603 1
603 576 1
576 630 1
630 576 1
576 657 1
657 576 1
577 578 1
578 577 1
577 579 1
579 577 1
577 580 1
580 577 1
577 583 1
583 577 1
577 586 1
586 577 1
577 604 1
604 577 1
577 631 1
631 577 1
577 658 1
658 577 1
578 579 1
579 578 1
578 581 1
581 578 1
578 584 1
584 578 1
578 587 1
587 578 1
578 605 1
605 578 1
578 632 1
632 578 1
578 659 1
659 578 1
579 582 1
582 579 1
579 585 1
585 579 1
579 588 1
588 579 1
579 606 1
606 579 1
579 633 1
633 579 1
579 660 1
660 579 1
580 581 1
581 580 1
580 582 1
582 580 1
580 583 1
583 580 1
580 589 1
589 580 1
580 607 1
607 580 1
580 634 1
634 580 1
580 661 1
661 580 1
581 582 1
582 581 1
581 584 1
584 581 1
581 590 1
590 581 1
581 608 1
608 581 1
581 635 1
635 581 1
581 662 1
662 581 1
582 585 1
585 582 1
582 591 1
591 582 1
582 609 1
609 582 1
582 636 1
636 582 1
582 663 1
663 582 1
583 584 1
584 583 1
583 585 1
585 583 1
583 592 1
592 583 1
583 610 1
610 583 1
583 637 1
637 583 1
583 664 1
664 583 1
584 585 1
585 584 1
584 593 1
593 584 1
584 611 1
611 584 1
584 638 1
638 584 1
584 665 1
665 584 1
585 594 1
594 585 1
585 612 1
612 585 1
585 639 1
639 585 1
585 666 1
666 585 1
586 587 1
587 586 1
586 588 1
588 586 1
586 589 1
589 586 1
586 592 1
592 586 1
586 613 1
613 586 1
586 640 1
640 586 1
586 667 1
667 586 1
587 588 1
588 587 1
587 590 1
590 587 1
587 593 1
593 587 1
587 614 1
614 587 1
587 641 1
641 587 1
587 668 1
668 587 1
588 591 1
591 588 1
588 594 1
594 588 1
588 615 1
615 588 1
588 642 1
642 588 1
588 669 1
669 588 1
589 590 1
590 589 1
589 591 1
591 589 1
589 592 1
592 589 1
589 616 1
616 589 1
589 643 1
643 589 1
589 670 1
670 589 1
590 591 1
591 590 1
590 593 1
593 590 1
590 617 1
617 590 1
590 644 1
644 590 1
590 671 1
671 590 1
591 594 1
594 591 1
591 618 1
618 591 1
591 645 1
645 591 1
591 672 1
672 591 1
592 593 1
593 592 1
592 594 1
594 592 1
592 619 1
619 592 1
592 646 1
646 592 1
592 673 1
673 592 1
593 594 1
594 593 1
593 620 1
620 593 1
593 647 1
647 593 1
593 674 1
674 593 1
594 621 1
621 594 1
594 648 1
648 594 1
594 675 1
675 594 1
595 596 1
596 595 1
595 597 1
597 595 1
595 598 1
598 595 1
595 601 1
601 595 1
595 604 1
604 595 1
595 613 1
613 595 1
595 622 1
622 595 1
595 676 1
676 595 1
596 597 1
597 596 1
596 599 1
599 596 1
596 602 1
602 596 1
596 605 1
605 596 1
596 614 1
614 596 1
596 623 1
623 596 1
596 677 1
677 596 1
597 600 1
600 597 1
597 603 1
603 597 1
597 606 1
606 597 1
597 615 1
615 597 1
597 624 1
624 597 1
597 678 1
678 597 1
598 599 1
599 598 1
598 600 1
600 598 1
598 601 1
601 598 1
598 607 1
607 598 1
598 616 1
616 598 1
598 625 1
625 598 1
598 679 1
679 598 1
599 600 1
600 599 1
599 602 1
602 599 1
599 608 1
608 599 1
599 617 1
617 599 1
599 626 1
626 599 1
599 680 1
680 599 1
600 603 1
603 600 1
600 609 1
609 600 1
600 618 1
618 600 1
600 627 1
627 600 1
600 681 1
681 600 1
601 602 1
602 601 1
601 603 1
603 601 1
601 610 1
610 601 1
601 619 1
619 601 1
601 628 1
628 601 1
601 682 1
682 601 1
602 603 1
603 602 1
602 611 1
611 602 1
602 620 1
620 602 1
602 629 1
629 602 1
602 683 1
683 602 1
603 612 1
612 603 1
603 621 1
621 603 1
603 630 1
630 603 1
603 684 1
684 603 1
604 605 1
605 604 1
604 606 1
606 604 1
604 607 1
607 604 1
604 610 1
610 604 1
604 613 1
613 604 1
604 631 1
631 604 1
604 685 1
685 604 1
605 606 1
606 605 1
605 608 1
608 605 1
605 611 1
611 605 1
605 614 1
614 605 1
605 632 1
632 605 1
605 686 1
686 605 1
606 609 1
609 606 1
606 612 1
612 606 1
606 615 1
615 606 1
606 633 1
633 606 1
606 687 1
687 606 1
607 608 1
608 607 1
607 609 1
609 607 1
607 610 1
610 607 1
607 616 1
616 607 1
607 634 1
634 607 1
607 688 1
688 607 1
608 609 1
609 608 1
608 611 1
611 608 1
608 617 1
617 608 1
608 635 1
635 608 1
608 689 1
689 608 1
609 612 1
612 609 1
609 618 1
618 609 1
609 636 1
636 609 1
609 690 1
690 609 1
610 611 1
611 610 1
610 612 1
612 610 1
610 619 1
619 610 1
610 637 1
637 610 1
610 691 1
691 610 1
611 612 1
612 611 1
611 620 1
620 611 1
611 638 1
638 611 1
611 692 1
692 611 1
612 621 1
621 612 1
612 639 1
639 612 1
612 693 1
693 612 1
613 614 1
614 613 1
613 615 1
615 613 1
613 616 1
616 613 1
613 619 1
619 613 1
613 640 1
640 613 1
613 694 1
694 613 1
614 615 1
615 614 1
614 617 1
617 614 1
614 620 1
620 614 1
614 641 1
641 614 1
614 695 1
695 614 1
615 618 1
618 615 1
615 621 1
621 615 1
615 642 1
642 615 1
615 696 1
696 615 1
616 617 1
617 616 1
616 618 1
618 616 1
616 619 1
619 616 1
616 643 1
643 616 1
616 697 1
697 616 1
617 618 1
618 617 1
617 620 1
620 617 1
617 644 1
644 617 1
617 698 1
698 617 1
618 621 1
621 618 1
618 645 1
645 618 1
618 699 1
699 618 1
619 620 1
620 619 1
619 621 1
621 619 1
619 646 1
646 619 1
619 700 1
700 619 1
620 621 1
621 620 1
620 647 1
647 620 1
620 701 1
701 620 1
621 648 1
648 621 1
621 702 1
702 621 1
622 623 1
623 622 1
622 624 1
624 622 1
622 625 1
625 622 1
622 628 1
628 622 1
622 631 1
631 622 1
622 640 1
640 622 1
622 703 1
703 622 1
623 624 1
624 623 1
623 626 1
626 623 1
623 629 1
629 623 1
623 632 1
632 623 1
623 641 1
641 623 1
623 704 1
704 623 1
624 627 1
627 624 1
624 630 1
630 624 1
624 633 1
633 624 1
624 642 1
642 624 1
624 705 1
705 624 1
625 626 1
626 625 1
625 627 1
627 625 1
625 628 1
628 625 1
625 634 1
634 625 1
625 643 1
643 625 1
625 706 1
706 625 1
626 627 1
627 626 1
626 629 1
629 626 1
626 635 1
635 626 1
626 644 1
644 626 1
626 707 1
707 626 1
627 630 1
630 627 1
627 636 1
636 627 1
627 645 1
645 627 1
627 708 1
708 627 1
628 629 1
629 628 1
628 630 1
630 628 1
628 637 1
637 628 1
628 646 1
646 628 1
628 709 1
709 628 1
629 630 1
630 629 1
629 638 1
638 629 1
629 647 1
647 629 1
629 710 1
710 629 1
630 639 1
639 630 1
630 648 1
648 630 1
630 711 1
711 630 1
631 632 1
632 631 1
631 633 1
633 631 1
631 634 1
634 631 1
631 637 1
637 631 1
631 640 1
640 631 1
631 712 1
712 631 1
632 633 1
633 632 1
632 635 1
635 632 1
632 638 1
638 632 1
632 641 1
641 632 1
632 713 1
713 632 1
633 636 1
636 633 1
633 639 1
639 633 1
633 642 1
642 633 1
633 714 1
714 633 1
634 635 1
635 634 1
634 636 1
636 634 1
634 637 1
637 634 1
634 643 1
643 634 1
634 715 1
715 634 1
635 636 1
636 635 1
635 638 1
638 635 1
635 644 1
644 635 1
635 716 1
716 635 1
636 639 1
639 636 1
636 645 1
645 636 1
636 717 1
717 636 1
637 638 1
638 637 1
637 639 1
639 637 1
637 646 1
646 637 1
637 718 1
718 637 1
638 639 1
639 638 1
638 647 1
647 638 1
638 719 1
719 638 1
639 648 1
648 639 1
639 720 1
720 639 1
640 641 1
641 640 1
640 642 1
642 640 1
640 643 1
643 640 1
640 646 1
646 640 1
640 721 1
721 640 1
641 642 1
642 641 1
641 644 1
644 641 1
641 647 1
647 641 1
641 722 1
722 641 1
642 645 1
645 642 1
642 648 1
648 642 1
642 723 1
723 642 1
643 644 1
644 643 1
643 645 1
645 643 1
643 646 1
646 643 1
643 724 1
724 643 1
644 645 1
645 644 1
644 647 1
647 644 1
644 725 1
725 644 1
645 648 1
648 645 1
645 726 1
726 645 1
646 647 1
647 646 1
646 648 1
648 646 1
646 727 1
727 646 1
647 648 1
648 647 1
647 728 1
728 647 1
648 729 1
729 648 1
649 650 1
650 649 1
649 651 1
651 649 1
649 652 1
652 649 1
649 655 1
655 649 1
649 658 1
658 649 1
649 667 1
667 649 1
649 676 1
676 649 1
649 703 1
703 649 1
650 651 1
651 650 1
650 653 1
653 650 1
650 656 1
656 650 1
650 659 1
659 650 1
650 668 1
668 650 1
650 677 1
677 650 1
650 704 1
704 650 1
651 654 1
654 651 1
651 657 1
657 651 1
651 660 1
660 651 1
651 669 1
669 651 1
651 678 1
678 651 1
651 705 1
705 651 1
652 653 1
653 652 1
652 654 1
654 652 1
652 655 1
655 652 1
652 661 1
661 652 1
652 670 1
670 652 1
652 679 1
679 652 1
652 706 1
706 652 1
653 654 1
654 653 1
653 656 1
656 653 1
653 662 1
662 653 1
653 671 1
671 653 1
653 680 1
680 653 1
653 707 1
707 653 1
654 657 1
657 654 1
654 663 1
663 654 1
654 672 1
672 654 1
654 681 1
681 654 1
654 708 1
708 654 1
655 656 1
656 655 1
655 657 1
657 655 1
655 664 1
664 655 1
655 673 1
673 655 1
655 682 1
682 655 1
655 709 1
709 655 1
656 657 1
657 656 1
656 665 1
665 656 1
656 674 1
674 656 1
656 683 1
683 656 1
656 710 1
710 656 1
657 666 1
666 657 1
657 675 1
675 657 1
657 684 1
684 657 1
657 711 1
711 657 1
658 659 1
659 658 1
658 660 1
660 658 1
658 661 1
661 658 1
658 664 1
664 658 1
658 667 1
667 658 1
658 685 1
685 658 1
658 712 1
712 658 1
659 660 1
660 659 1
659 662 1
662 659 1
659 665 1
665 659 1
659 668 1
668 659 1
659 686 1
686 659 1
659 713 1
713 659 1
660 663 1
663 660 1
660 666 1
666 660 1
660 669 1
669 660 1
660 687 1
687 660 1
660 714 1
714 660 1
661 662 1
662 661 1
661 663 1
663 661 1
661 664 1
664 661 1
661 670 1
670 661 1
661 688 1
688 661 1
661 715 1
715 661 1
662 663 1
663 662 1
662 665 1
665 662 1
662 671 1
671 662 1
662 689 1
689 662 1
662 716 1
716 662 1
663 666 1
666 663 1
663 690 1
690 663 1
663 717 1
717 663 1
664 665 1
665 664 1
664 666 1
666 664 1
664 673 1
673 664 1
664 691 1
691 664 1
664 718 1
718 664 1
665 666 1
666 665 1
665 674 1
674 665 1
665 692 1
692 665 1
665 719 1
719 665 1
666 675 1
675 666 1
666 693 1
693 666 1
666 720 1
720 666 1
667 668 1
668 667 1
667 669 1
669 667 1
667 670 1
670 667 1
667 673 1
673 667 1
667 694 1
694 667 1
667 721 1
721 667 1
668 669 1
669 668 1
668 671 1
671 668 1
668 674 1
674 668 1
668 695 1
695 668 1
668 722 1
722 668 1
669 672 1
672 669 1
669 675 1
675 669 1
669 696 1
696 669 1
669 723 1
723 669 1
670 671 1
671 670 1
670 672 1
672 670 1
670 673 1
673 670 1
670 697 1
697 670 1
670 724 1
724 670 1
671 672 1
672 671 1
671 674 1
674 671 1
671 698 1
698 671 1
671 725 1
725 671 1
672 675 1
675 672 1
672 699 1
699 672 1
672 726 1
726 672 1
673 674 1
674 673 1
673 675 1
675 673 1
673 700 1
700 673 1
673 727 1
727 673 1
674 675 1
675 674 1
674 701 1
701 674 1
674 728 1
728 674 1
675 702 1
702 675 1
675 729 1
729 675 1
676 677 1
677 676 1
676 678 1
678 676 1
676 679 1
679 676 1
676 682 1
682 676 1
676 685 1
685 676 1
676 694 1
694 676 1
676 703 1
703 676 1
677 678 1
678 677 1
677 680 1
680 677 1
677 683 1
683 677 1
677 686 1
686 677 1
677 695 1
695 677 1
677 704 1
704 677 1
678 681 1
681 678 1
678 684 1
684 678 1
678 687 1
687 678 1
678 696 1
696 678 1
678 705 1
705 678 1
679 680 1
680 679 1
679 681 1
681 679 1
679 682 1
682 679 1
679 688 1
688 679 1
679 697 1
697 679 1
679 706 1
706 679 1
680 681 1
681 680 1
680 683 1
683 680 1
680 689 1
689 680 1
680 698 1
698 680 1
680 707 1
707 680 1
681 684 1
684 681 1
681 690 1
690 681 1
681 699 1
699 681 1
681 708 1
708 681 1
682 683 1
683 682 1
682 684 1
684 682 1
682 691 1
691 682 1
682 700 1
700 682 1
682 709 1
709 682 1
683 684 1
684 683 1
683 692 1
692 683 1
683 701 1
701 683 1
683 710 1
710 683 1
684 693 1
693 684 1
684 702 1
702 684 1
684 711 1
711 684 1
685 686 1
686 685 1
685 687 1
687 685 1
685 688 1
688 685 1
685 691 1
691 685 1
685 694 1
694 685 1
685 712 1
712 685 1
686 687 1
687 686 1
686 689 1
689 686 1
686 692 1
692 686 1
686 695 1
695 686 1
686 713 1
713 686 1
687 690 1
690 687 1
687 693 1
693 687 1
687 696 1
696 687 1
687 714 1
714 687 1
688 689 1
689 688 1
688 690 1
690 688 1
688 691 1
691 688 1
688 697 1
697 688 1
688 715 1
715 688 1
689 690 1
690 689 1
689 692 1
692 689 1
689 698 1
698 689 1
689 716 1
716 689 1
690 693 1
693 690 1
690 699 1
699 690 1
690 717 1
717 690 1
691 692 1
692 691 1
691 693 1
693 691 1
691 700 1
700 691 1
691 718 1
718 691 1
692 693 1
693 692 1
692 701 1
701 692 1
692 719 1
719 692 1
693 702 1
702 693 1
693 720 1
720 693 1
694 695 1
695 694 1
694 696 1
696 694 1
694 697 1
697 694 1
694 700 1
700 694 1
694 721 1
721 694 1
695 696 1
696 695 1
695 698 1
698 695 1
695 701 1
701 695 1
695 722 1
722 695 1
696 699 1
699 696 1
696 702 1
702 696 1
696 723 1
723 696 1
697 698 1
698 697 1
697 699 1
699 697 1
697 700 1
700 697 1
697 724 1
724 697 1
698 699 1
699 698 1
698 701 1
701 698 1
698 725 1
725 698 1
699 702 1
702 699 1
699 726 1
726 699 1
700 701 1
701 700 1
700 702 1
702 700 1
700 727 1
727 700 1
701 702 1
702 701 1
701 728 1
728 701 1
702 729 1
729 702 1
703 704 1
704 703 1
703 705 1
705 703 1
703 706 1
706 703 1
703 709 1
709 703 1
703 712 1
712 703 1
703 721 1
721 703 1
704 705 1
705 704 1
704 707 1
707 704 1
704 710 1
710 704 1
704 713 1
713 704 1
704 722 1
722 704 1
705 708 1
708 705 1
705 711 1
711 705 1
705 714 1
714 705 1
705 723 1
723 705 1
706 707 1
707 706 1
706 708 1
708 706 1
706 709 1
709 706 1
706 715 1
715 706 1
706 724 1
724 706 1
707 708 1
708 707 1
707 710 1
710 707 1
707 716 1
716 707 1
707 725 1
725 707 1
708 711 1
711 708 1
708 717 1
717 708 1
708 726 1
726 708 1
709 710 1
710 709 1
709 711 1
711 709 1
709 718 1
718 709 1
709 727 1
727 709 1
710 711 1
711 710 1
710 719 1
719 710 1
710 728 1
728 710 1
711 720 1
720 711 1
711 729 1
729 711 1
712 713 1
713 712 1
712 714 1
714 712 1
712 715 1
715 712 1
712 718 1
718 712 1
712 721 1
721 712 1
713 714 1
714 713 1
713 716 1
716 713 1
713 719 1
719 713 1
713 722 1
722 713 1
714 717 1
717 714 1
714 720 1
720 714 1
714 723 1
723 714 1
715 716 1
716 715 1
715 717 1
717 715 1
715 718 1
718 715 1
715 724 1
724 715 1
716 717 1
717 716 1
716 719 1
719 716 1
716 725 1
725 716 1
717 720 1
720 717 1
717 726 1
726 717 1
718 719 1
719 718 1
718 720 1
720 718 1
718 727 1
727 718 1
719 720 1
720 719 1
719 728 1
728 719 1
720 729 1
729 720 1
721 722 1
722 721 1
721 723 1
723 721 1
721 724 1
724 721 1
721 727 1
727 721 1
722 723 1
723 722 1
722 725 1
725 722 1
722 728 1
728 722 1
723 726 1
726 723 1
723 729 1
729 723 1
724 725 1
725 724 1
724 726 1
726 724 1
724 727 1
727 724 1
725 726 1
726 725 1
725 728 1
728 725 1
726 729 1
729 726 1
727 728 1
728 727 1
727 729 1
729 727 1
728 729 1
729 728 1
S 38
323 440 101 292 439 332 473 123 375 370 281 552 611 644 506 78 580 234 579 165 634 166 172 540 480 687 553 638 399 493 215 17 143 518 212 595 220 62
T 38
73 400 658 106 441 209 630 654 108 3 663 350 672 613 261 326 415 394 431 111 688 14 366 303 727 264 656 704 43 526 109 112 146 265 298 329 30 114
