# meta: nome=b-b06-regiao-f2
# meta: familia=steinlib-b
# meta: classe=principal
# meta: das_compat=exata
# meta: instancia_original=b06
# meta: fonte=SteinLib
# meta: problema_original=Steiner em grafos
# meta: url=https://steinlib.zib.de/steinlib.php
# meta: referencia=Koch, Martin, Voss. SteinLib (KMV00)
# meta: transformacao=G-UNIT; maior componente conexa; não dirigido; passos unitários
# meta: regra_ST=ST-REGIAO
# meta: regra_r=R-FRAC:2 (lambda*=4)
# meta: seed=
# meta: script=src/converters/build_benchmark.py
# meta: commit_gerador=a647555
# meta: observacao=
N 50
M 200
R 2
# u v length
1 11 1
11 1 1
1 28 1
28 1 1
1 29 1
29 1 1
1 32 1
32 1 1
1 44 1
44 1 1
2 4 1
4 2 1
2 10 1
10 2 1
2 22 1
22 2 1
2 31 1
31 2 1
2 36 1
36 2 1
2 42 1
42 2 1
3 12 1
12 3 1
3 24 1
24 3 1
3 25 1
25 3 1
3 30 1
30 3 1
3 48 1
48 3 1
4 7 1
7 4 1
4 8 1
8 4 1
4 9 1
9 4 1
4 25 1
25 4 1
4 28 1
28 4 1
4 36 1
36 4 1
4 50 1
50 4 1
5 20 1
20 5 1
5 34 1
34 5 1
6 9 1
9 6 1
6 13 1
13 6 1
6 23 1
23 6 1
6 27 1
27 6 1
6 28 1
28 6 1
6 33 1
33 6 1
7 8 1
8 7 1
7 13 1
13 7 1
7 19 1
19 7 1
8 13 1
13 8 1
8 32 1
32 8 1
8 44 1
44 8 1
8 45 1
45 8 1
9 17 1
17 9 1
9 49 1
49 9 1
10 33 1
33 10 1
10 38 1
38 10 1
10 41 1
41 10 1
10 42 1
42 10 1
11 18 1
18 11 1
11 29 1
29 11 1
12 22 1
22 12 1
12 40 1
40 12 1
12 49 1
49 12 1
13 37 1
37 13 1
13 40 1
40 13 1
14 16 1
16 14 1
14 27 1
27 14 1
14 41 1
41 14 1
14 48 1
48 14 1
15 17 1
17 15 1
15 33 1
33 15 1
15 35 1
35 15 1
16 36 1
36 16 1
16 48 1
48 16 1
16 49 1
49 16 1
18 41 1
41 18 1
18 45 1
45 18 1
19 24 1
24 19 1
19 44 1
44 19 1
20 31 1
31 20 1
20 33 1
33 20 1
21 27 1
27 21 1
22 27 1
27 22 1
22 29 1
29 22 1
22 41 1
41 22 1
22 47 1
47 22 1
23 35 1
35 23 1
24 36 1
36 24 1
24 42 1
42 24 1
25 44 1
44 25 1
26 33 1
33 26 1
26 41 1
41 26 1
27 49 1
49 27 1
28 45 1
45 28 1
29 33 1
33 29 1
29 37 1
37 29 1
29 50 1
50 29 1
30 43 1
43 30 1
30 47 1
47 30 1
31 42 1
42 31 1
32 38 1
38 32 1
32 44 1
44 32 1
33 34 1
34 33 1
33 41 1
41 33 1
33 42 1
42 33 1
35 40 1
40 35 1
35 44 1
44 35 1
37 38 1
38 37 1
37 45 1
45 37 1
39 48 1
48 39 1
41 44 1
44 41 1
42 46 1
46 42 1
43 49 1
49 43 1
46 50 1
50 46 1
S 12
43 30 49 9 12 21 47 17 48 6 23 7
T 12
28 35 50 5 11 18 42 44 46 1 10 38
