# meta: nome=b-b09-intercalado-f2-rho
# meta: familia=steinlib-b
# meta: classe=principal
# meta: das_compat=exata
# meta: instancia_original=b09
# meta: fonte=SteinLib
# meta: problema_original=Steiner em grafos
# meta: url=https://steinlib.zib.de/steinlib.php
# meta: referencia=Koch, Martin, Voss. SteinLib (KMV00)
# meta: transformacao=G-UNIT; maior componente conexa; não dirigido; passos unitários
# meta: regra_ST=ST-INTERCALADO; rho=0.1
# meta: regra_r=R-FRAC:2 (lambda*=3)
# meta: seed=
# meta: script=src/converters/build_benchmark.py
# meta: commit_gerador=a647555
# meta: observacao=
N 75
M 188
R 2
# u v length
1 17 1
17 1 1
1 49 1
49 1 1
2 39 1
39 2 1
2 50 1
50 2 1
2 52 1
52 2 1
2 71 1
71 2 1
2 75 1
75 2 1
3 64 1
64 3 1
4 65 1
65 4 1
5 13 1
13 5 1
5 22 1
22 5 1
5 51 1
51 5 1
6 52 1
52 6 1
7 14 1
14 7 1
7 30 1
30 7 1
7 55 1
55 7 1
7 62 1
62 7 1
7 66 1
66 7 1
7 72 1
72 7 1
8 33 1
33 8 1
8 68 1
68 8 1
9 15 1
15 9 1
9 26 1
26 9 1
9 45 1
45 9 1
9 54 1
54 9 1
10 28 1
28 10 1
10 32 1
32 10 1
10 73 1
73 10 1
10 74 1
74 10 1
11 33 1
33 11 1
12 28 1
28 12 1
12 31 1
31 12 1
13 65 1
65 13 1
14 24 1
24 14 1
14 38 1
38 14 1
14 65 1
65 14 1
14 71 1
71 14 1
14 73 1
73 14 1
16 26 1
26 16 1
16 37 1
37 16 1
18 50 1
50 18 1
18 67 1
67 18 1
19 54 1
54 19 1
19 71 1
71 19 1
20 69 1
69 20 1
20 73 1
73 20 1
21 55 1
55 21 1
23 45 1
45 23 1
23 66 1
66 23 1
24 35 1
35 24 1
24 49 1
49 24 1
25 32 1
32 25 1
26 42 1
42 26 1
27 41 1
41 27 1
27 45 1
45 27 1
28 47 1
47 28 1
29 46 1
46 29 1
29 50 1
50 29 1
29 63 1
63 29 1
29 74 1
74 29 1
31 32 1
32 31 1
31 42 1
42 31 1
31 69 1
69 31 1
32 70 1
70 32 1
33 67 1
67 33 1
34 37 1
37 34 1
34 42 1
42 34 1
34 68 1
68 34 1
35 40 1
40 35 1
36 51 1
51 36 1
37 39 1
39 37 1
37 62 1
62 37 1
38 62 1
62 38 1
40 48 1
48 40 1
41 68 1
68 41 1
42 57 1
57 42 1
43 44 1
44 43 1
44 51 1
51 44 1
44 60 1
60 44 1
45 46 1
46 45 1
45 68 1
68 45 1
48 59 1
59 48 1
48 67 1
67 48 1
53 57 1
57 53 1
54 63 1
63 54 1
54 65 1
65 54 1
54 68 1
68 54 1
55 58 1
58 55 1
56 67 1
67 56 1
58 73 1
73 58 1
61 63 1
63 61 1
61 69 1
69 61 1
64 75 1
75 64 1
67 73 1
73 67 1
S 19
2 4 5 7 8 9 11 20 21 28 29 34 40 41 49 53 62 64 70
T 19
2 5 36 14 33 45 67 69 30 31 46 42 59 68 71 57 72 73 74
