# meta: nome=b-b18-intercalado-f2
# meta: familia=steinlib-b
# meta: classe=principal
# meta: das_compat=exata
# meta: instancia_original=b18
# meta: fonte=SteinLib
# meta: problema_original=Steiner em grafos
# meta: url=https://steinlib.zib.de/steinlib.php
# meta: referencia=Koch, Martin, Voss. SteinLib (KMV00)
# meta: transformacao=G-UNIT; maior componente conexa; não dirigido; passos unitários
# meta: regra_ST=ST-INTERCALADO
# meta: regra_r=R-FRAC:2 (lambda*=3)
# meta: seed=
# meta: script=src/converters/build_benchmark.py
# meta: commit_gerador=a647555
# meta: observacao=
N 100
M 400
R 2
# u v length
1 40 1
40 1 1
1 87 1
87 1 1
1 99 1
99 1 1
2 10 1
10 2 1
2 72 1
72 2 1
2 73 1
73 2 1
2 80 1
80 2 1
2 82 1
82 2 1
3 17 1
17 3 1
3 32 1
32 3 1
3 33 1
33 3 1
3 43 1
43 3 1
3 80 1
80 3 1
3 94 1
94 3 1
4 14 1
14 4 1
4 18 1
18 4 1
4 42 1
42 4 1
4 63 1
63 4 1
4 81 1
81 4 1
5 29 1
29 5 1
5 34 1
34 5 1
5 61 1
61 5 1
5 70 1
70 5 1
5 77 1
77 5 1
5 98 1
98 5 1
6 27 1
27 6 1
6 65 1
65 6 1
6 69 1
69 6 1
6 93 1
93 6 1
7 33 1
33 7 1
7 35 1
35 7 1
8 19 1
19 8 1
9 61 1
61 9 1
10 41 1
41 10 1
10 70 1
70 10 1
10 82 1
82 10 1
11 20 1
20 11 1
11 39 1
39 11 1
11 68 1
68 11 1
11 85 1
85 11 1
12 23 1
23 12 1
12 57 1
57 12 1
12 67 1
67 12 1
13 57 1
57 13 1
13 83 1
83 13 1
13 97 1
97 13 1
14 26 1
26 14 1
14 46 1
46 14 1
14 51 1
51 14 1
14 69 1
69 14 1
14 70 1
70 14 1
14 84 1
84 14 1
14 92 1
92 14 1
14 94 1
94 14 1
15 55 1
55 15 1
15 95 1
95 15 1
16 30 1
30 16 1
16 64 1
64 16 1
16 68 1
68 16 1
17 28 1
28 17 1
17 48 1
48 17 1
17 67 1
67 17 1
17 80 1
80 17 1
18 19 1
19 18 1
18 37 1
37 18 1
18 57 1
57 18 1
18 60 1
60 18 1
19 31 1
31 19 1
19 47 1
47 19 1
19 59 1
59 19 1
19 87 1
87 19 1
19 89 1
89 19 1
20 71 1
71 20 1
20 90 1
90 20 1
21 33 1
33 21 1
21 35 1
35 21 1
21 61 1
61 21 1
21 68 1
68 21 1
22 64 1
64 22 1
22 67 1
67 22 1
22 74 1
74 22 1
22 89 1
89 22 1
23 31 1
31 23 1
23 39 1
39 23 1
23 76 1
76 23 1
23 78 1
78 23 1
23 96 1
96 23 1
23 99 1
99 23 1
24 75 1
75 24 1
25 98 1
98 25 1
26 66 1
66 26 1
27 30 1
30 27 1
27 42 1
42 27 1
27 55 1
55 27 1
27 75 1
75 27 1
27 80 1
80 27 1
27 97 1
97 27 1
28 37 1
37 28 1
29 54 1
54 29 1
30 40 1
40 30 1
30 81 1
81 30 1
30 84 1
84 30 1
31 37 1
37 31 1
31 70 1
70 31 1
31 75 1
75 31 1
31 80 1
80 31 1
32 53 1
53 32 1
32 57 1
57 32 1
33 73 1
73 33 1
33 77 1
77 33 1
33 99 1
99 33 1
34 56 1
56 34 1
34 65 1
65 34 1
34 93 1
93 34 1
35 36 1
36 35 1
35 84 1
84 35 1
36 44 1
44 36 1
36 93 1
93 36 1
37 45 1
45 37 1
37 52 1
52 37 1
37 54 1
54 37 1
38 70 1
70 38 1
39 66 1
66 39 1
39 83 1
83 39 1
40 77 1
77 40 1
41 44 1
44 41 1
41 94 1
94 41 1
42 43 1
43 42 1
42 68 1
68 42 1
42 85 1
85 42 1
42 90 1
90 42 1
42 99 1
99 42 1
43 72 1
72 43 1
44 73 1
73 44 1
44 75 1
75 44 1
44 82 1
82 44 1
44 92 1
92 44 1
44 96 1
96 44 1
45 60 1
60 45 1
45 87 1
87 45 1
46 54 1
54 46 1
46 96 1
96 46 1
47 71 1
71 47 1
47 89 1
89 47 1
47 96 1
96 47 1
49 50 1
50 49 1
49 72 1
72 49 1
49 91 1
91 49 1
49 100 1
100 49 1
50 75 1
75 50 1
50 81 1
81 50 1
52 79 1
79 52 1
53 70 1
70 53 1
53 97 1
97 53 1
54 57 1
57 54 1
55 62 1
62 55 1
55 79 1
79 55 1
55 97 1
97 55 1
56 69 1
69 56 1
56 81 1
81 56 1
57 93 1
93 57 1
58 72 1
72 58 1
58 75 1
75 58 1
59 76 1
76 59 1
60 76 1
76 60 1
62 72 1
72 62 1
62 78 1
78 62 1
63 93 1
93 63 1
64 68 1
68 64 1
64 88 1
88 64 1
65 71 1
71 65 1
65 87 1
87 65 1
65 90 1
90 65 1
66 85 1
85 66 1
67 79 1
79 67 1
67 96 1
96 67 1
67 97 1
97 67 1
68 74 1
74 68 1
69 79 1
79 69 1
70 73 1
73 70 1
70 77 1
77 70 1
71 73 1
73 71 1
71 75 1
75 71 1
71 99 1
99 71 1
72 93 1
93 72 1
73 79 1
79 73 1
75 97 1
97 75 1
75 99 1
99 75 1
77 84 1
84 77 1
78 100 1
100 78 1
81 82 1
82 81 1
82 100 1
100 82 1
83 88 1
88 83 1
83 95 1
95 83 1
84 93 1
93 84 1
85 89 1
89 85 1
85 100 1
100 85 1
86 95 1
95 86 1
90 92 1
92 90 1
92 93 1
93 92 1
S 25
5 9 11 16 17 18 23 25 27 36 38 43 46 50 51 52 57 58 59 66 82 83 84 89 91
T 25
34 61 20 21 67 19 33 70 55 44 40 49 54 81 69 79 93 62 60 85 100 88 94 97 95
