# meta: nome=b-b15-regiao-f4
# meta: familia=steinlib-b
# meta: classe=principal
# meta: das_compat=exata
# meta: instancia_original=b15
# meta: fonte=SteinLib
# meta: problema_original=Steiner em grafos
# meta: url=https://steinlib.zib.de/steinlib.php
# meta: referencia=Koch, Martin, Voss. SteinLib (KMV00)
# meta: transformacao=G-UNIT; maior componente conexa; não dirigido; passos unitários
# meta: regra_ST=ST-REGIAO
# meta: regra_r=R-FRAC:4 (lambda*=5)
# meta: seed=
# meta: script=src/converters/build_benchmark.py
# meta: commit_gerador=a647555
# meta: observacao=
N 100
M 250
R 2
# u v length
1 5 1
5 1 1
1 35 1
35 1 1
2 4 1
4 2 1
2 43 1
43 2 1
2 48 1
48 2 1
2 73 1
73 2 1
3 98 1
98 3 1
4 64 1
64 4 1
4 66 1
66 4 1
4 79 1
79 4 1
5 25 1
25 5 1
6 19 1
19 6 1
7 59 1
59 7 1
7 60 1
60 7 1
7 90 1
90 7 1
8 39 1
39 8 1
8 64 1
64 8 1
8 65 1
65 8 1
9 37 1
37 9 1
9 41 1
41 9 1
9 53 1
53 9 1
9 87 1
87 9 1
10 35 1
35 10 1
11 39 1
39 11 1
11 60 1
60 11 1
11 72 1
72 11 1
11 88 1
88 11 1
12 23 1
23 12 1
12 45 1
45 12 1
13 19 1
19 13 1
13 100 1
100 13 1
14 20 1
20 14 1
15 82 1
82 15 1
16 38 1
38 16 1
17 48 1
48 17 1
17 98 1
98 17 1
18 33 1
33 18 1
18 55 1
55 18 1
19 57 1
57 19 1
19 60 1
60 19 1
19 67 1
67 19 1
20 91 1
91 20 1
21 26 1
26 21 1
21 36 1
36 21 1
22 31 1
31 22 1
23 35 1
35 23 1
23 49 1
49 23 1
24 64 1
64 24 1
25 26 1
26 25 1
25 68 1
68 25 1
25 92 1
92 25 1
26 47 1
47 26 1
26 94 1
94 26 1
26 97 1
97 26 1
27 66 1
66 27 1
28 41 1
41 28 1
28 91 1
91 28 1
29 54 1
54 29 1
29 59 1
59 29 1
30 53 1
53 30 1
30 82 1
82 30 1
31 64 1
64 31 1
31 84 1
84 31 1
32 98 1
98 32 1
34 68 1
68 34 1
34 100 1
100 34 1
35 76 1
76 35 1
35 78 1
78 35 1
36 56 1
56 36 1
36 69 1
69 36 1
37 61 1
61 37 1
38 56 1
56 38 1
39 96 1
96 39 1
40 91 1
91 40 1
41 44 1
44 41 1
41 51 1
51 41 1
41 64 1
64 41 1
41 95 1
95 41 1
42 50 1
50 42 1
44 55 1
55 44 1
44 73 1
73 44 1
44 77 1
77 44 1
44 86 1
86 44 1
44 88 1
88 44 1
45 62 1
62 45 1
46 56 1
56 46 1
46 88 1
88 46 1
47 58 1
58 47 1
48 81 1
81 48 1
49 74 1
74 49 1
49 79 1
79 49 1
50 65 1
65 50 1
52 54 1
54 52 1
52 63 1
63 52 1
52 73 1
73 52 1
52 90 1
90 52 1
53 73 1
73 53 1
54 61 1
61 54 1
54 62 1
62 54 1
56 65 1
65 56 1
56 82 1
82 56 1
56 84 1
84 56 1
56 95 1
95 56 1
58 95 1
95 58 1
59 77 1
77 59 1
64 67 1
67 64 1
64 93 1
93 64 1
65 71 1
71 65 1
66 75 1
75 66 1
67 68 1
68 67 1
67 85 1
85 67 1
67 91 1
91 67 1
68 80 1
80 68 1
70 89 1
89 70 1
70 96 1
96 70 1
70 98 1
98 70 1
71 95 1
95 71 1
73 88 1
88 73 1
74 94 1
94 74 1
76 80 1
80 76 1
76 83 1
83 76 1
81 87 1
87 81 1
82 90 1
90 82 1
85 99 1
99 85 1
92 98 1
98 92 1
S 25
100 6 19 57 80 10 35 5 23 32 67 12 17 20 91 7 11 24 27 29 59 66 74 79 94
T 25
2 28 43 45 47 48 77 18 31 51 55 61 73 81 88 90 53 30 36 42 50 82 95 56 16
