# meta: nome=b-b12-regiao-f2
# meta: familia=steinlib-b
# meta: classe=principal
# meta: das_compat=exata
# meta: instancia_original=b12
# meta: fonte=SteinLib
# meta: problema_original=Steiner em grafos
# meta: url=https://steinlib.zib.de/steinlib.php
# meta: referencia=Koch, Martin, Voss. SteinLib (KMV00)
# meta: transformacao=G-UNIT; maior componente conexa; não dirigido; passos unitários
# meta: regra_ST=ST-REGIAO
# meta: regra_r=R-FRAC:2 (lambda*=4)
# meta: seed=
# meta: script=src/converters/build_benchmark.py
# meta: commit_gerador=a647555
# meta: observacao=
N 75
M 300
R 2
# u v length
1 9 1
9 1 1
1 19 1
19 1 1
1 67 1
67 1 1
1 74 1
74 1 1
2 18 1
18 2 1
2 26 1
26 2 1
2 32 1
32 2 1
2 53 1
53 2 1
2 63 1
63 2 1
2 72 1
72 2 1
2 73 1
73 2 1
3 4 1
4 3 1
3 12 1
12 3 1
3 37 1
37 3 1
3 42 1
42 3 1
3 73 1
73 3 1
4 22 1
22 4 1
4 54 1
54 4 1
5 31 1
31 5 1
5 47 1
47 5 1
5 51 1
51 5 1
5 64 1
64 5 1
6 22 1
22 6 1
6 48 1
48 6 1
6 65 1
65 6 1
6 69 1
69 6 1
7 67 1
67 7 1
8 66 1
66 8 1
8 72 1
72 8 1
9 64 1
64 9 1
9 69 1
69 9 1
10 14 1
14 10 1
10 19 1
19 10 1
10 45 1
45 10 1
10 61 1
61 10 1
11 29 1
29 11 1
11 71 1
71 11 1
12 19 1
19 12 1
12 35 1
35 12 1
12 44 1
44 12 1
13 16 1
16 13 1
13 24 1
24 13 1
13 58 1
58 13 1
14 49 1
49 14 1
14 51 1
51 14 1
14 52 1
52 14 1
14 68 1
68 14 1
15 22 1
22 15 1
15 57 1
57 15 1
15 69 1
69 15 1
16 28 1
28 16 1
16 38 1
38 16 1
17 39 1
39 17 1
17 48 1
48 17 1
18 54 1
54 18 1
18 69 1
69 18 1
19 32 1
32 19 1
19 37 1
37 19 1
19 44 1
44 19 1
19 60 1
60 19 1
20 45 1
45 20 1
20 51 1
51 20 1
20 66 1
66 20 1
20 75 1
75 20 1
21 58 1
58 21 1
21 60 1
60 21 1
22 23 1
23 22 1
22 27 1
27 22 1
22 28 1
28 22 1
22 68 1
68 22 1
23 32 1
32 23 1
23 33 1
33 23 1
23 50 1
50 23 1
23 51 1
51 23 1
23 55 1
55 23 1
23 57 1
57 23 1
23 67 1
67 23 1
24 42 1
42 24 1
24 51 1
51 24 1
25 42 1
42 25 1
25 74 1
74 25 1
26 40 1
40 26 1
27 29 1
29 27 1
27 32 1
32 27 1
27 39 1
39 27 1
27 52 1
52 27 1
27 55 1
55 27 1
28 57 1
57 28 1
28 70 1
70 28 1
29 38 1
38 29 1
29 57 1
57 29 1
29 64 1
64 29 1
29 74 1
74 29 1
29 75 1
75 29 1
30 61 1
61 30 1
30 73 1
73 30 1
31 34 1
34 31 1
31 40 1
40 31 1
31 61 1
61 31 1
32 34 1
34 32 1
32 56 1
56 32 1
32 70 1
70 32 1
34 43 1
43 34 1
35 62 1
62 35 1
35 63 1
63 35 1
35 75 1
75 35 1
36 39 1
39 36 1
36 50 1
50 36 1
36 58 1
58 36 1
36 59 1
59 36 1
36 66 1
66 36 1
37 40 1
40 37 1
37 43 1
43 37 1
38 46 1
46 38 1
38 50 1
50 38 1
38 60 1
60 38 1
38 72 1
72 38 1
40 54 1
54 40 1
41 57 1
57 41 1
41 72 1
72 41 1
42 56 1
56 42 1
42 74 1
74 42 1
43 50 1
50 43 1
43 51 1
51 43 1
43 55 1
55 43 1
43 59 1
59 43 1
45 48 1
48 45 1
45 66 1
66 45 1
47 55 1
55 47 1
47 58 1
58 47 1
47 60 1
60 47 1
48 51 1
51 48 1
48 55 1
55 48 1
48 68 1
68 48 1
48 71 1
71 48 1
49 55 1
55 49 1
49 65 1
65 49 1
50 53 1
53 50 1
51 71 1
71 51 1
54 56 1
56 54 1
54 57 1
57 54 1
54 59 1
59 54 1
54 65 1
65 54 1
55 64 1
64 55 1
58 71 1
71 58 1
59 71 1
71 59 1
61 69 1
69 61 1
61 73 1
73 61 1
62 63 1
63 62 1
62 70 1
70 62 1
S 19
8 72 2 18 20 39 41 46 58 63 3 10 29 35 40 53 61 62 5
T 19
15 27 32 43 57 64 68 4 12 19 42 44 49 74 9 33 1 67 7
