# meta: nome=pace18-t2-001-regiao-f2
# meta: familia=pace2018
# meta: classe=principal
# meta: das_compat=exata
# meta: instancia_original=Track2/instance001.gr
# meta: fonte=PACE 2018 Steiner Tree, trilha 2
# meta: problema_original=Steiner em grafos (trilha de largura de árvore limitada)
# meta: url=https://github.com/PACE-challenge/SteinerTree-PACE-2018-instances
# meta: referencia=PACE 2018 Parameterized Algorithms and Computational Experiments Challenge (Steiner Tree); instâncias CC0
# meta: transformacao=G-UNIT; maior componente conexa; não dirigido; passos unitários
# meta: regra_ST=ST-REGIAO
# meta: regra_r=R-FRAC:2 (lambda*=7)
# meta: seed=
# meta: script=src/converters/build_benchmark.py
# meta: commit_gerador=a647555
# meta: observacao=arquivo traz decomposição em árvore; largura registrada pelo PACE na linha "s td"
N 74
M 292
R 4
# u v length
1 46 1
46 1 1
1 47 1
47 1 1
2 40 1
40 2 1
2 41 1
41 2 1
3 39 1
39 3 1
3 41 1
41 3 1
4 36 1
36 4 1
4 37 1
37 4 1
4 38 1
38 4 1
4 39 1
39 4 1
4 48 1
48 4 1
4 49 1
49 4 1
4 50 1
50 4 1
5 6 1
6 5 1
5 39 1
39 5 1
6 34 1
34 6 1
7 8 1
8 7 1
7 34 1
34 7 1
8 35 1
35 8 1
9 10 1
10 9 1
9 12 1
12 9 1
9 32 1
32 9 1
9 51 1
51 9 1
9 71 1
71 9 1
10 36 1
36 10 1
10 37 1
37 10 1
10 51 1
51 10 1
10 52 1
52 10 1
11 33 1
33 11 1
11 37 1
37 11 1
11 50 1
50 11 1
11 53 1
53 11 1
11 54 1
54 11 1
12 32 1
32 12 1
12 51 1
51 12 1
13 24 1
24 13 1
13 32 1
32 13 1
13 43 1
43 13 1
13 45 1
45 13 1
13 55 1
55 13 1
13 65 1
65 13 1
13 66 1
66 13 1
13 70 1
70 13 1
13 71 1
71 13 1
13 72 1
72 13 1
13 73 1
73 13 1
14 20 1
20 14 1
14 35 1
35 14 1
14 56 1
56 14 1
14 58 1
58 14 1
14 62 1
62 14 1
14 69 1
69 14 1
15 35 1
35 15 1
16 28 1
28 16 1
16 29 1
29 16 1
16 30 1
30 16 1
16 59 1
59 16 1
16 60 1
60 16 1
17 20 1
20 17 1
17 30 1
30 17 1
17 31 1
31 17 1
17 54 1
54 17 1
17 61 1
61 17 1
17 62 1
62 17 1
17 69 1
69 17 1
18 19 1
19 18 1
18 26 1
26 18 1
18 32 1
32 18 1
18 55 1
55 18 1
18 63 1
63 18 1
18 66 1
66 18 1
18 68 1
68 18 1
18 74 1
74 18 1
19 22 1
22 19 1
19 28 1
28 19 1
19 29 1
29 19 1
19 63 1
63 19 1
19 64 1
64 19 1
20 21 1
21 20 1
20 31 1
31 20 1
20 61 1
61 20 1
20 62 1
62 20 1
21 57 1
57 21 1
21 58 1
58 21 1
22 26 1
26 22 1
22 27 1
27 22 1
22 63 1
63 22 1
22 64 1
64 22 1
22 68 1
68 22 1
23 29 1
29 23 1
23 30 1
30 23 1
23 31 1
31 23 1
23 60 1
60 23 1
23 64 1
64 23 1
24 26 1
26 24 1
24 65 1
65 24 1
24 66 1
66 24 1
24 67 1
67 24 1
24 70 1
70 24 1
25 26 1
26 25 1
25 27 1
27 25 1
25 67 1
67 25 1
26 65 1
65 26 1
26 67 1
67 26 1
26 68 1
68 26 1
26 74 1
74 26 1
29 59 1
59 29 1
30 33 1
33 30 1
30 59 1
59 30 1
30 60 1
60 30 1
31 61 1
61 31 1
32 55 1
55 32 1
32 72 1
72 32 1
32 73 1
73 32 1
33 53 1
53 33 1
33 69 1
69 33 1
34 56 1
56 34 1
35 57 1
57 35 1
35 58 1
58 35 1
36 52 1
52 36 1
37 48 1
48 37 1
37 49 1
49 37 1
37 52 1
52 37 1
38 40 1
40 38 1
38 41 1
41 38 1
38 48 1
48 38 1
39 49 1
49 39 1
39 50 1
50 39 1
39 53 1
53 39 1
39 54 1
54 39 1
42 43 1
43 42 1
42 44 1
44 42 1
42 45 1
45 42 1
42 46 1
46 42 1
42 47 1
47 42 1
43 44 1
44 43 1
43 45 1
45 43 1
43 47 1
47 43 1
43 70 1
70 43 1
43 71 1
71 43 1
43 72 1
72 43 1
44 45 1
45 44 1
44 46 1
46 44 1
46 47 1
47 46 1
56 57 1
57 56 1
73 74 1
74 73 1
S 12
15 8 7 14 21 20 6 17 5 23 3 11
T 12
2 4 19 22 10 18 25 9 12 24 13 1
