# meta: nome=pace18-t2-199-regiao-f4
# meta: familia=pace2018
# meta: classe=principal
# meta: das_compat=exata
# meta: instancia_original=Track2/instance199.gr
# meta: fonte=PACE 2018 Steiner Tree, trilha 2
# meta: problema_original=Steiner em grafos (trilha de largura de árvore limitada)
# meta: url=https://github.com/PACE-challenge/SteinerTree-PACE-2018-instances
# meta: referencia=PACE 2018 Parameterized Algorithms and Computational Experiments Challenge (Steiner Tree); instâncias CC0
# meta: transformacao=G-UNIT; maior componente conexa; não dirigido; passos unitários
# meta: regra_ST=ST-REGIAO
# meta: regra_r=R-FRAC:4 (lambda*=28)
# meta: seed=
# meta: script=src/converters/build_benchmark.py
# meta: commit_gerador=a647555
# meta: observacao=arquivo traz decomposição em árvore; largura registrada pelo PACE na linha "s td"
N 1011
M 4020
R 7
# u v length
1 520 1
520 1 1
1 542 1
542 1 1
1 553 1
553 1 1
1 575 1
575 1 1
1 975 1
975 1 1
2 375 1
375 2 1
2 542 1
542 2 1
2 575 1
575 2 1
2 975 1
975 2 1
3 127 1
127 3 1
3 558 1
558 3 1
3 975 1
975 3 1
4 6 1
6 4 1
4 309 1
309 4 1
4 334 1
334 4 1
4 343 1
343 4 1
4 976 1
976 4 1
5 365 1
365 5 1
5 976 1
976 5 1
6 8 1
8 6 1
6 306 1
306 6 1
6 339 1
339 6 1
6 977 1
977 6 1
7 9 1
9 7 1
7 339 1
339 7 1
7 365 1
365 7 1
7 977 1
977 7 1
8 303 1
303 8 1
8 335 1
335 8 1
8 978 1
978 8 1
9 335 1
335 9 1
9 978 1
978 9 1
10 11 1
11 10 1
10 139 1
139 10 1
10 808 1
808 10 1
10 809 1
809 10 1
10 979 1
979 10 1
11 22 1
22 11 1
11 140 1
140 11 1
11 813 1
813 11 1
11 979 1
979 11 1
12 13 1
13 12 1
12 142 1
142 12 1
12 827 1
827 12 1
12 828 1
828 12 1
12 979 1
979 12 1
13 143 1
143 13 1
13 830 1
830 13 1
13 837 1
837 13 1
13 979 1
979 13 1
14 18 1
18 14 1
14 859 1
859 14 1
14 868 1
868 14 1
14 979 1
979 14 1
15 19 1
19 15 1
15 876 1
876 15 1
15 979 1
979 15 1
16 20 1
20 16 1
16 128 1
128 16 1
16 749 1
749 16 1
16 854 1
854 16 1
16 979 1
979 16 1
17 21 1
21 17 1
17 131 1
131 17 1
17 881 1
881 17 1
17 940 1
940 17 1
17 979 1
979 17 1
18 23 1
23 18 1
18 856 1
856 18 1
18 980 1
980 18 1
19 24 1
24 19 1
19 874 1
874 19 1
19 980 1
980 19 1
20 25 1
25 20 1
20 743 1
743 20 1
20 842 1
842 20 1
20 980 1
980 20 1
21 26 1
26 21 1
21 137 1
137 21 1
21 935 1
935 21 1
21 980 1
980 21 1
22 821 1
821 22 1
22 828 1
828 22 1
22 847 1
847 22 1
22 981 1
981 22 1
23 695 1
695 23 1
23 854 1
854 23 1
23 981 1
981 23 1
24 868 1
868 24 1
24 872 1
872 24 1
24 981 1
981 24 1
25 138 1
138 25 1
25 736 1
736 25 1
25 805 1
805 25 1
25 981 1
981 25 1
26 144 1
144 26 1
26 841 1
841 26 1
26 930 1
930 26 1
26 981 1
981 26 1
27 28 1
28 27 1
27 944 1
944 27 1
27 945 1
945 27 1
27 966 1
966 27 1
27 982 1
982 27 1
28 954 1
954 28 1
28 957 1
957 28 1
28 969 1
969 28 1
28 982 1
982 28 1
29 970 1
970 29 1
29 974 1
974 29 1
29 982 1
982 29 1
30 946 1
946 30 1
30 965 1
965 30 1
30 967 1
967 30 1
30 968 1
968 30 1
30 982 1
982 30 1
31 145 1
145 31 1
31 973 1
973 31 1
31 982 1
982 31 1
32 33 1
33 32 1
32 541 1
541 32 1
32 602 1
602 32 1
32 630 1
630 32 1
32 983 1
983 32 1
33 604 1
604 33 1
33 610 1
610 33 1
33 634 1
634 33 1
33 983 1
983 33 1
34 644 1
644 34 1
34 664 1
664 34 1
34 677 1
677 34 1
34 678 1
678 34 1
34 983 1
983 34 1
35 582 1
582 35 1
35 630 1
630 35 1
35 639 1
639 35 1
35 640 1
640 35 1
35 983 1
983 35 1
36 146 1
146 36 1
36 643 1
643 36 1
36 654 1
654 36 1
36 658 1
658 36 1
36 983 1
983 36 1
37 38 1
38 37 1
37 280 1
280 37 1
37 281 1
281 37 1
37 305 1
305 37 1
37 984 1
984 37 1
38 285 1
285 38 1
38 293 1
293 38 1
38 313 1
313 38 1
38 984 1
984 38 1
39 313 1
313 39 1
39 322 1
322 39 1
39 330 1
330 39 1
39 347 1
347 39 1
39 984 1
984 39 1
40 281 1
281 40 1
40 297 1
297 40 1
40 305 1
305 40 1
40 320 1
320 40 1
40 984 1
984 40 1
41 293 1
293 41 1
41 313 1
313 41 1
41 317 1
317 41 1
41 436 1
436 41 1
41 984 1
984 41 1
42 897 1
897 42 1
42 907 1
907 42 1
42 915 1
915 42 1
42 923 1
923 42 1
42 985 1
985 42 1
43 44 1
44 43 1
43 950 1
950 43 1
43 954 1
954 43 1
43 957 1
957 43 1
43 985 1
985 43 1
44 953 1
953 44 1
44 960 1
960 44 1
44 985 1
985 44 1
45 907 1
907 45 1
45 919 1
919 45 1
45 923 1
923 45 1
45 927 1
927 45 1
45 985 1
985 45 1
46 915 1
915 46 1
46 923 1
923 46 1
46 941 1
941 46 1
46 948 1
948 46 1
46 985 1
985 46 1
47 48 1
48 47 1
47 394 1
394 47 1
47 413 1
413 47 1
47 450 1
450 47 1
47 986 1
986 47 1
48 404 1
404 48 1
48 435 1
435 48 1
48 463 1
463 48 1
48 986 1
986 48 1
49 50 1
50 49 1
49 450 1
450 49 1
49 511 1
511 49 1
49 518 1
518 49 1
49 986 1
986 49 1
50 463 1
463 50 1
50 530 1
530 50 1
50 536 1
536 50 1
50 986 1
986 50 1
51 413 1
413 51 1
51 430 1
430 51 1
51 450 1
450 51 1
51 511 1
511 51 1
51 986 1
986 51 1
52 435 1
435 52 1
52 463 1
463 52 1
52 524 1
524 52 1
52 536 1
536 52 1
52 986 1
986 52 1
53 207 1
207 53 1
53 222 1
222 53 1
53 987 1
987 53 1
54 222 1
222 54 1
54 241 1
241 54 1
54 987 1
987 54 1
55 222 1
222 55 1
55 987 1
987 55 1
56 207 1
207 56 1
56 222 1
222 56 1
56 234 1
234 56 1
56 241 1
241 56 1
56 987 1
987 56 1
57 59 1
59 57 1
57 873 1
873 57 1
57 892 1
892 57 1
57 898 1
898 57 1
57 988 1
988 57 1
58 905 1
905 58 1
58 906 1
906 58 1
58 913 1
913 58 1
58 929 1
929 58 1
58 988 1
988 58 1
59 61 1
61 59 1
59 870 1
870 59 1
59 891 1
891 59 1
59 989 1
989 59 1
60 62 1
62 60 1
60 891 1
891 60 1
60 905 1
905 60 1
60 906 1
906 60 1
60 989 1
989 60 1
61 818 1
818 61 1
61 865 1
865 61 1
61 888 1
888 61 1
61 990 1
990 61 1
62 855 1
855 62 1
62 888 1
888 62 1
62 903 1
903 62 1
62 990 1
990 62 1
63 901 1
901 63 1
63 911 1
911 63 1
63 918 1
918 63 1
63 924 1
924 63 1
63 991 1
991 63 1
64 887 1
887 64 1
64 890 1
890 64 1
64 901 1
901 64 1
64 911 1
911 64 1
64 991 1
991 64 1
65 893 1
893 65 1
65 901 1
901 65 1
65 918 1
918 65 1
65 991 1
991 65 1
66 745 1
745 66 1
66 755 1
755 66 1
66 992 1
992 66 1
67 69 1
69 67 1
67 794 1
794 67 1
67 818 1
818 67 1
67 865 1
865 67 1
67 992 1
992 67 1
68 70 1
70 68 1
68 745 1
745 68 1
68 755 1
755 68 1
68 756 1
756 68 1
68 993 1
993 68 1
69 71 1
71 69 1
69 789 1
789 69 1
69 814 1
814 69 1
69 993 1
993 69 1
70 719 1
719 70 1
70 739 1
739 70 1
70 750 1
750 70 1
70 994 1
994 70 1
71 777 1
777 71 1
71 786 1
786 71 1
71 810 1
810 71 1
71 994 1
994 71 1
72 102 1
102 72 1
72 444 1
444 72 1
72 459 1
459 72 1
72 460 1
460 72 1
72 995 1
995 72 1
73 109 1
109 73 1
73 459 1
459 73 1
73 473 1
473 73 1
73 474 1
474 73 1
73 995 1
995 73 1
74 75 1
75 74 1
74 544 1
544 74 1
74 545 1
545 74 1
74 571 1
571 74 1
74 995 1
995 74 1
75 550 1
550 75 1
75 577 1
577 75 1
75 594 1
594 75 1
75 995 1
995 75 1
76 321 1
321 76 1
76 331 1
331 76 1
76 377 1
377 76 1
76 378 1
378 76 1
76 996 1
996 76 1
77 340 1
340 77 1
77 377 1
377 77 1
77 391 1
391 77 1
77 429 1
429 77 1
77 996 1
996 77 1
78 79 1
79 78 1
78 448 1
448 78 1
78 449 1
449 78 1
78 497 1
497 78 1
78 996 1
996 78 1
79 455 1
455 79 1
79 505 1
505 79 1
79 523 1
523 79 1
79 996 1
996 79 1
80 512 1
512 80 1
80 538 1
538 80 1
80 548 1
548 80 1
80 549 1
549 80 1
80 997 1
997 80 1
81 547 1
547 81 1
81 548 1
548 81 1
81 559 1
559 81 1
81 636 1
636 81 1
81 997 1
997 81 1
82 83 1
83 82 1
82 560 1
560 82 1
82 590 1
590 82 1
82 596 1
596 82 1
82 997 1
997 82 1
83 564 1
564 83 1
83 599 1
599 83 1
83 711 1
711 83 1
83 997 1
997 83 1
84 325 1
325 84 1
84 326 1
326 84 1
84 337 1
337 84 1
84 367 1
367 84 1
84 998 1
998 84 1
85 87 1
87 85 1
85 326 1
326 85 1
85 367 1
367 85 1
85 368 1
368 85 1
85 998 1
998 85 1
86 87 1
87 86 1
86 88 1
88 86 1
86 311 1
311 86 1
86 326 1
326 86 1
86 999 1
999 86 1
87 328 1
328 87 1
87 349 1
349 87 1
87 999 1
999 87 1
88 89 1
89 88 1
88 90 1
90 88 1
88 301 1
301 88 1
88 1000 1
1000 88 1
89 91 1
91 89 1
89 328 1
328 89 1
89 329 1
329 89 1
89 1000 1
1000 89 1
90 91 1
91 90 1
90 299 1
299 90 1
90 300 1
300 90 1
90 1001 1
1001 90 1
91 93 1
93 91 1
91 345 1
345 91 1
91 1001 1
1001 91 1
92 286 1
286 92 1
92 287 1
287 92 1
92 299 1
299 92 1
92 300 1
300 92 1
92 1002 1
1002 92 1
93 300 1
300 93 1
93 316 1
316 93 1
93 342 1
342 93 1
93 1002 1
1002 93 1
94 603 1
603 94 1
94 619 1
619 94 1
94 1003 1
1003 94 1
95 147 1
147 95 1
95 627 1
627 95 1
95 659 1
659 95 1
95 679 1
679 95 1
95 1003 1
1003 95 1
96 147 1
147 96 1
96 635 1
635 96 1
96 696 1
696 96 1
96 697 1
697 96 1
96 1003 1
1003 96 1
97 480 1
480 97 1
97 616 1
616 97 1
97 622 1
622 97 1
97 623 1
623 97 1
97 1003 1
1003 97 1
98 631 1
631 98 1
98 645 1
645 98 1
98 1003 1
1003 98 1
99 122 1
122 99 1
99 359 1
359 99 1
99 360 1
360 99 1
99 1004 1
1004 99 1
100 123 1
123 100 1
100 381 1
381 100 1
100 1004 1
1004 100 1
101 102 1
102 101 1
101 153 1
153 101 1
101 428 1
428 101 1
101 444 1
444 101 1
101 1004 1
1004 101 1
102 154 1
154 102 1
102 443 1
443 102 1
102 1004 1
1004 102 1
103 104 1
104 103 1
103 157 1
157 103 1
103 458 1
458 103 1
103 482 1
482 103 1
103 1004 1
1004 103 1
104 158 1
158 104 1
104 492 1
492 104 1
104 493 1
493 104 1
104 1004 1
1004 104 1
105 124 1
124 105 1
105 148 1
148 105 1
105 290 1
290 105 1
105 353 1
353 105 1
105 1004 1
1004 105 1
106 125 1
125 106 1
106 402 1
402 106 1
106 415 1
415 106 1
106 457 1
457 106 1
106 1004 1
1004 106 1
107 122 1
122 107 1
107 353 1
353 107 1
107 1005 1
1005 107 1
108 123 1
123 108 1
108 362 1
362 108 1
108 372 1
372 108 1
108 1005 1
1005 108 1
109 410 1
410 109 1
109 443 1
443 109 1
109 458 1
458 109 1
109 1005 1
1005 109 1
110 124 1
124 110 1
110 152 1
152 110 1
110 340 1
340 110 1
110 411 1
411 110 1
110 1005 1
1005 110 1
111 125 1
125 111 1
111 158 1
158 111 1
111 472 1
472 111 1
111 492 1
492 111 1
111 1005 1
1005 111 1
112 238 1
238 112 1
112 252 1
252 112 1
112 261 1
261 112 1
112 1006 1
1006 112 1
113 114 1
114 113 1
113 208 1
208 113 1
113 266 1
266 113 1
113 279 1
279 113 1
113 1006 1
1006 113 1
114 270 1
270 114 1
114 277 1
277 114 1
114 282 1
282 114 1
114 1006 1
1006 114 1
115 252 1
252 115 1
115 259 1
259 115 1
115 295 1
295 115 1
115 1006 1
1006 115 1
116 118 1
118 116 1
116 167 1
167 116 1
116 169 1
169 116 1
116 1007 1
1007 116 1
117 172 1
172 117 1
117 173 1
173 117 1
117 177 1
177 117 1
117 193 1
193 117 1
117 1007 1
1007 117 1
118 120 1
120 118 1
118 166 1
166 118 1
118 1008 1
1008 118 1
119 121 1
121 119 1
119 166 1
166 119 1
119 172 1
172 119 1
119 173 1
173 119 1
119 1008 1
1008 119 1
120 165 1
165 120 1
120 1009 1
1009 120 1
121 165 1
165 121 1
121 170 1
170 121 1
121 1009 1
1009 121 1
122 356 1
356 122 1
122 1010 1
1010 122 1
123 376 1
376 123 1
123 1010 1
1010 123 1
124 295 1
295 124 1
124 383 1
383 124 1
124 1010 1
1010 124 1
125 164 1
164 125 1
125 465 1
465 125 1
125 1010 1
1010 125 1
126 962 1
962 126 1
126 964 1
964 126 1
126 1011 1
1011 126 1
127 553 1
553 127 1
127 575 1
575 127 1
127 975 1
975 127 1
128 842 1
842 128 1
128 845 1
845 128 1
128 856 1
856 128 1
128 979 1
979 128 1
129 130 1
130 129 1
129 134 1
134 129 1
129 848 1
848 129 1
129 872 1
872 129 1
129 979 1
979 129 1
130 853 1
853 130 1
130 858 1
858 130 1
130 874 1
874 130 1
130 979 1
979 130 1
131 137 1
137 131 1
131 862 1
862 131 1
131 880 1
880 131 1
131 979 1
979 131 1
132 133 1
133 132 1
132 139 1
139 132 1
132 842 1
842 132 1
132 845 1
845 132 1
132 980 1
980 132 1
133 134 1
134 133 1
133 140 1
140 133 1
133 848 1
848 133 1
133 980 1
980 133 1
134 847 1
847 134 1
134 853 1
853 134 1
134 980 1
980 134 1
135 136 1
136 135 1
135 142 1
142 135 1
135 853 1
853 135 1
135 858 1
858 135 1
135 980 1
980 135 1
136 137 1
137 136 1
136 143 1
143 136 1
136 862 1
862 136 1
136 980 1
980 136 1
137 144 1
144 137 1
137 980 1
980 137 1
138 139 1
139 138 1
138 809 1
809 138 1
138 842 1
842 138 1
138 981 1
981 138 1
139 140 1
140 139 1
139 981 1
981 139 1
140 847 1
847 140 1
140 981 1
981 140 1
141 142 1
142 141 1
141 828 1
828 141 1
141 847 1
847 141 1
141 853 1
853 141 1
141 981 1
981 141 1
142 143 1
143 142 1
142 981 1
981 142 1
143 144 1
144 143 1
143 981 1
981 143 1
144 837 1
837 144 1
144 981 1
981 144 1
145 971 1
971 145 1
145 972 1
972 145 1
145 982 1
982 145 1
146 638 1
638 146 1
146 639 1
639 146 1
146 649 1
649 146 1
146 983 1
983 146 1
147 632 1
632 147 1
147 688 1
688 147 1
147 1003 1
1003 147 1
148 356 1
356 148 1
148 382 1
382 148 1
148 383 1
383 148 1
148 1004 1
1004 148 1
149 150 1
150 149 1
149 161 1
161 149 1
149 366 1
366 149 1
149 390 1
390 149 1
149 1004 1
1004 149 1
150 151 1
151 150 1
150 162 1
162 150 1
150 372 1
372 150 1
150 1004 1
1004 150 1
151 376 1
376 151 1
151 408 1
408 151 1
151 409 1
409 151 1
151 1004 1
1004 151 1
152 153 1
153 152 1
152 383 1
383 152 1
152 416 1
416 152 1
152 1005 1
1005 152 1
153 154 1
154 153 1
153 159 1
159 153 1
153 1005 1
1005 153 1
154 155 1
155 154 1
154 160 1
160 154 1
154 1005 1
1005 154 1
155 161 1
161 155 1
155 410 1
410 155 1
155 443 1
443 155 1
155 1005 1
1005 155 1
156 157 1
157 156 1
156 409 1
409 156 1
156 410 1
410 156 1
156 458 1
458 156 1
156 1005 1
1005 156 1
157 158 1
158 157 1
157 163 1
163 157 1
157 1005 1
1005 157 1
158 164 1
164 158 1
158 1005 1
1005 158 1
159 160 1
160 159 1
159 382 1
382 159 1
159 383 1
383 159 1
159 1010 1
1010 159 1
160 161 1
161 160 1
160 390 1
390 160 1
160 1010 1
1010 160 1
161 162 1
162 161 1
161 1010 1
1010 161 1
162 409 1
409 162 1
162 410 1
410 162 1
162 1010 1
1010 162 1
163 164 1
164 163 1
163 408 1
408 163 1
163 409 1
409 163 1
163 1010 1
1010 163 1
164 415 1
415 164 1
164 1010 1
1010 164 1
165 166 1
166 165 1
166 167 1
167 166 1
167 168 1
168 167 1
167 176 1
176 167 1
168 172 1
172 168 1
168 179 1
179 168 1
169 171 1
171 169 1
169 178 1
178 169 1
170 173 1
173 170 1
170 174 1
174 170 1
171 181 1
181 171 1
171 238 1
238 171 1
172 192 1
192 172 1
173 175 1
175 173 1
174 175 1
175 174 1
174 180 1
180 174 1
175 177 1
177 175 1
175 183 1
183 175 1
176 178 1
178 176 1
176 193 1
193 176 1
177 182 1
182 177 1
177 188 1
188 177 1
178 179 1
179 178 1
178 181 1
181 178 1
179 186 1
186 179 1
179 192 1
192 179 1
180 183 1
183 180 1
180 184 1
184 180 1
181 185 1
185 181 1
181 186 1
186 181 1
182 187 1
187 182 1
182 194 1
194 182 1
183 188 1
188 183 1
183 189 1
189 183 1
184 189 1
189 184 1
184 210 1
210 184 1
185 205 1
205 185 1
185 250 1
250 185 1
186 198 1
198 186 1
186 255 1
255 186 1
187 190 1
190 187 1
187 196 1
196 187 1
188 191 1
191 188 1
188 194 1
194 188 1
189 191 1
191 189 1
189 213 1
213 189 1
190 199 1
199 190 1
190 200 1
200 190 1
191 197 1
197 191 1
191 216 1
216 191 1
192 195 1
195 192 1
192 198 1
198 192 1
193 195 1
195 193 1
193 199 1
199 193 1
194 196 1
196 194 1
194 197 1
197 194 1
195 202 1
202 195 1
195 203 1
203 195 1
196 200 1
200 196 1
196 201 1
201 196 1
197 201 1
201 197 1
197 224 1
224 197 1
198 202 1
202 198 1
198 262 1
262 198 1
199 203 1
203 199 1
199 209 1
209 199 1
200 204 1
204 200 1
200 209 1
209 200 1
201 204 1
204 201 1
201 225 1
225 201 1
202 205 1
205 202 1
202 206 1
206 202 1
203 206 1
206 203 1
203 211 1
211 203 1
204 212 1
212 204 1
204 227 1
227 204 1
205 208 1
208 205 1
205 266 1
266 205 1
206 208 1
208 206 1
206 218 1
218 206 1
207 226 1
226 207 1
208 220 1
220 208 1
209 211 1
211 209 1
209 212 1
212 209 1
210 213 1
213 210 1
210 214 1
214 210 1
211 215 1
215 211 1
211 218 1
218 211 1
212 215 1
215 212 1
212 230 1
230 212 1
213 216 1
216 213 1
213 217 1
217 213 1
214 217 1
217 214 1
214 226 1
226 214 1
215 221 1
221 215 1
215 232 1
232 215 1
216 219 1
219 216 1
216 224 1
224 216 1
217 219 1
219 217 1
217 228 1
228 217 1
218 220 1
220 218 1
218 221 1
221 218 1
219 229 1
229 219 1
219 235 1
235 219 1
220 223 1
223 220 1
220 279 1
279 220 1
221 223 1
223 221 1
221 239 1
239 221 1
223 242 1
242 223 1
223 283 1
283 223 1
224 225 1
225 224 1
224 231 1
231 224 1
225 227 1
227 225 1
225 233 1
233 225 1
226 228 1
228 226 1
226 234 1
234 226 1
227 230 1
230 227 1
227 236 1
236 227 1
228 229 1
229 228 1
228 237 1
237 228 1
229 231 1
231 229 1
229 240 1
240 229 1
230 232 1
232 230 1
230 245 1
245 230 1
231 233 1
233 231 1
231 246 1
246 231 1
232 235 1
235 232 1
232 239 1
239 232 1
233 236 1
236 233 1
233 248 1
248 233 1
234 237 1
237 234 1
234 254 1
254 234 1
235 243 1
243 235 1
235 247 1
247 235 1
236 245 1
245 236 1
236 249 1
249 236 1
237 240 1
240 237 1
237 256 1
256 237 1
238 250 1
250 238 1
239 242 1
242 239 1
239 243 1
243 239 1
240 246 1
246 240 1
240 258 1
258 240 1
241 254 1
254 241 1
242 244 1
244 242 1
242 308 1
308 242 1
243 244 1
244 243 1
243 251 1
251 243 1
244 253 1
253 244 1
244 329 1
329 244 1
245 247 1
247 245 1
245 257 1
257 245 1
246 248 1
248 246 1
246 264 1
264 246 1
247 251 1
251 247 1
247 260 1
260 247 1
248 249 1
249 248 1
248 268 1
268 248 1
249 257 1
257 249 1
249 271 1
271 249 1
250 252 1
252 250 1
250 262 1
262 250 1
251 253 1
253 251 1
251 263 1
263 251 1
252 255 1
255 252 1
253 267 1
267 253 1
253 324 1
324 253 1
254 256 1
256 254 1
255 259 1
259 255 1
255 265 1
265 255 1
256 258 1
258 256 1
257 260 1
260 257 1
257 278 1
278 257 1
258 264 1
264 258 1
259 273 1
273 259 1
259 298 1
298 259 1
260 263 1
263 260 1
260 280 1
280 260 1
261 276 1
276 261 1
261 304 1
304 261 1
262 265 1
265 262 1
262 266 1
266 262 1
263 267 1
267 263 1
263 285 1
285 263 1
264 268 1
268 264 1
264 269 1
269 264 1
265 270 1
270 265 1
265 273 1
273 265 1
266 270 1
270 266 1
267 288 1
288 267 1
267 346 1
346 267 1
268 271 1
271 268 1
268 272 1
272 268 1
269 272 1
272 269 1
269 289 1
289 269 1
270 275 1
275 270 1
271 274 1
274 271 1
271 278 1
278 271 1
272 274 1
274 272 1
272 294 1
294 272 1
273 275 1
275 273 1
273 307 1
307 273 1
274 281 1
281 274 1
274 297 1
297 274 1
275 277 1
277 275 1
275 310 1
310 275 1
276 290 1
290 276 1
276 314 1
314 276 1
277 286 1
286 277 1
277 287 1
287 277 1
277 315 1
315 277 1
278 280 1
280 278 1
278 281 1
281 278 1
279 282 1
282 279 1
279 283 1
283 279 1
280 285 1
285 280 1
282 284 1
284 282 1
282 287 1
287 282 1
283 284 1
284 283 1
283 308 1
308 283 1
284 292 1
292 284 1
284 312 1
312 284 1
285 288 1
288 285 1
286 291 1
291 286 1
287 292 1
292 287 1
288 293 1
293 288 1
288 388 1
388 288 1
289 294 1
294 289 1
289 303 1
303 289 1
290 295 1
295 290 1
291 296 1
296 291 1
291 299 1
299 291 1
292 300 1
300 292 1
292 316 1
316 292 1
293 396 1
396 293 1
294 297 1
297 294 1
294 306 1
306 294 1
295 298 1
298 295 1
296 301 1
301 296 1
296 304 1
304 296 1
297 309 1
309 297 1
298 307 1
307 298 1
298 331 1
331 298 1
299 301 1
301 299 1
301 302 1
302 301 1
302 311 1
311 302 1
302 328 1
328 302 1
303 306 1
306 303 1
304 311 1
311 304 1
304 319 1
319 304 1
305 313 1
313 305 1
305 322 1
322 305 1
306 309 1
309 306 1
307 310 1
310 307 1
307 411 1
411 307 1
308 312 1
312 308 1
308 324 1
324 308 1
309 320 1
320 309 1
310 315 1
315 310 1
310 417 1
417 310 1
311 323 1
323 311 1
312 316 1
316 312 1
312 327 1
327 312 1
314 318 1
318 314 1
314 331 1
331 314 1
315 321 1
321 315 1
315 423 1
423 315 1
316 333 1
333 316 1
317 330 1
330 317 1
317 478 1
478 317 1
318 340 1
340 318 1
318 353 1
353 318 1
319 321 1
321 319 1
319 323 1
323 319 1
320 322 1
322 320 1
320 334 1
334 320 1
321 325 1
325 321 1
322 338 1
338 322 1
323 325 1
325 323 1
323 326 1
326 323 1
324 327 1
327 324 1
324 346 1
346 324 1
325 332 1
332 325 1
327 333 1
333 327 1
327 351 1
351 327 1
328 355 1
355 328 1
329 349 1
349 329 1
329 350 1
350 329 1
330 352 1
352 330 1
330 479 1
479 330 1
331 340 1
340 331 1
332 336 1
336 332 1
332 337 1
337 332 1
333 342 1
342 333 1
334 338 1
338 334 1
334 358 1
358 334 1
335 339 1
339 335 1
336 341 1
341 336 1
336 344 1
344 336 1
337 341 1
341 337 1
337 379 1
379 337 1
338 347 1
347 338 1
338 361 1
361 338 1
339 343 1
343 339 1
341 348 1
348 341 1
341 386 1
386 341 1
342 345 1
345 342 1
342 364 1
364 342 1
343 358 1
358 343 1
343 365 1
365 343 1
344 348 1
348 344 1
344 354 1
354 344 1
345 350 1
350 345 1
345 370 1
370 345 1
346 351 1
351 346 1
346 388 1
388 346 1
347 352 1
352 347 1
347 371 1
371 347 1
348 357 1
357 348 1
348 399 1
399 348 1
349 368 1
368 349 1
349 369 1
369 349 1
350 355 1
355 350 1
350 374 1
374 350 1
351 364 1
364 351 1
351 395 1
395 351 1
352 375 1
375 352 1
352 542 1
542 352 1
353 356 1
356 353 1
354 357 1
357 354 1
354 385 1
385 354 1
355 369 1
369 355 1
355 380 1
380 355 1
356 360 1
360 356 1
357 393 1
393 357 1
357 407 1
407 357 1
358 361 1
361 358 1
359 362 1
362 359 1
359 363 1
363 359 1
360 363 1
363 360 1
360 382 1
382 360 1
361 371 1
371 361 1
362 366 1
366 362 1
363 366 1
366 363 1
363 390 1
390 363 1
364 370 1
370 364 1
364 414 1
414 364 1
366 372 1
372 366 1
367 373 1
373 367 1
367 379 1
379 367 1
368 373 1
373 368 1
368 400 1
400 368 1
369 400 1
400 369 1
369 406 1
406 369 1
370 374 1
374 370 1
370 418 1
418 370 1
371 375 1
375 371 1
372 376 1
376 372 1
373 387 1
387 373 1
373 405 1
405 373 1
374 380 1
380 374 1
374 421 1
421 374 1
376 381 1
381 376 1
377 384 1
384 377 1
378 384 1
384 378 1
378 385 1
385 378 1
379 386 1
386 379 1
379 387 1
387 379 1
380 406 1
406 380 1
380 425 1
425 380 1
381 389 1
389 381 1
381 408 1
408 381 1
382 390 1
390 382 1
384 391 1
391 384 1
384 392 1
392 384 1
385 392 1
392 385 1
385 393 1
393 385 1
386 394 1
394 386 1
386 399 1
399 386 1
387 394 1
394 387 1
387 413 1
413 387 1
388 395 1
395 388 1
388 396 1
396 388 1
389 402 1
402 389 1
389 415 1
415 389 1
391 397 1
397 391 1
391 434 1
434 391 1
392 397 1
397 392 1
392 398 1
398 392 1
393 398 1
398 393 1
393 441 1
441 393 1
394 404 1
404 394 1
395 401 1
401 395 1
395 414 1
414 395 1
396 401 1
401 396 1
396 436 1
436 396 1
397 403 1
403 397 1
397 440 1
440 397 1
398 403 1
403 398 1
398 448 1
448 398 1
399 404 1
404 399 1
399 407 1
407 399 1
400 405 1
405 400 1
400 424 1
424 400 1
401 419 1
419 401 1
401 442 1
442 401 1
402 427 1
427 402 1
403 447 1
447 403 1
403 455 1
455 403 1
404 412 1
412 404 1
405 413 1
413 405 1
405 430 1
430 405 1
406 424 1
424 406 1
406 451 1
451 406 1
407 412 1
412 407 1
407 441 1
441 407 1
408 415 1
415 408 1
411 416 1
416 411 1
411 417 1
417 411 1
412 435 1
435 412 1
412 449 1
449 412 1
414 418 1
418 414 1
414 419 1
419 414 1
416 420 1
420 416 1
417 420 1
420 417 1
417 423 1
423 417 1
418 421 1
421 418 1
418 422 1
422 418 1
419 422 1
422 419 1
419 469 1
469 419 1
420 428 1
428 420 1
421 425 1
425 421 1
421 426 1
426 421 1
422 426 1
426 422 1
422 477 1
477 422 1
423 428 1
428 423 1
423 433 1
433 423 1
424 430 1
430 424 1
424 487 1
487 424 1
425 431 1
431 425 1
425 451 1
451 425 1
426 431 1
431 426 1
426 488 1
488 426 1
427 432 1
432 427 1
427 457 1
457 427 1
428 438 1
438 428 1
429 433 1
433 429 1
429 434 1
434 429 1
430 498 1
498 430 1
431 456 1
456 431 1
431 500 1
500 431 1
432 437 1
437 432 1
432 464 1
464 432 1
433 438 1
438 433 1
433 439 1
439 433 1
434 439 1
439 434 1
434 440 1
440 434 1
435 486 1
486 435 1
436 442 1
442 436 1
436 479 1
479 436 1
437 470 1
470 437 1
437 603 1
603 437 1
438 444 1
444 438 1
438 445 1
445 438 1
439 445 1
445 439 1
439 446 1
446 439 1
440 446 1
446 440 1
440 447 1
447 440 1
441 448 1
448 441 1
441 449 1
449 441 1
442 469 1
469 442 1
442 490 1
490 442 1
443 459 1
459 443 1
444 452 1
452 444 1
445 452 1
452 445 1
445 453 1
453 445 1
446 453 1
453 446 1
446 454 1
454 446 1
447 454 1
454 447 1
447 517 1
517 447 1
448 455 1
455 448 1
449 486 1
486 449 1
450 463 1
463 450 1
451 456 1
456 451 1
451 487 1
487 451 1
452 460 1
460 452 1
452 461 1
461 452 1
453 461 1
461 453 1
453 462 1
462 453 1
454 462 1
462 454 1
454 522 1
522 454 1
455 517 1
517 455 1
456 499 1
499 456 1
456 519 1
519 456 1
457 464 1
464 457 1
457 465 1
465 457 1
458 473 1
473 458 1
459 466 1
466 459 1
460 466 1
466 460 1
460 467 1
467 460 1
461 467 1
467 461 1
461 468 1
468 461 1
462 468 1
468 462 1
462 527 1
527 462 1
464 470 1
470 464 1
464 471 1
471 464 1
465 471 1
471 465 1
465 472 1
472 465 1
466 474 1
474 466 1
466 475 1
475 466 1
467 475 1
475 467 1
467 476 1
476 467 1
468 476 1
476 468 1
468 533 1
533 468 1
469 477 1
477 469 1
469 478 1
478 469 1
470 480 1
480 470 1
470 616 1
616 470 1
471 480 1
480 471 1
471 481 1
481 471 1
472 481 1
481 472 1
472 526 1
526 472 1
473 482 1
482 473 1
473 483 1
483 473 1
474 483 1
483 474 1
474 484 1
484 474 1
475 484 1
484 475 1
475 485 1
485 475 1
476 485 1
485 476 1
476 539 1
539 476 1
477 488 1
488 477 1
477 489 1
489 477 1
478 489 1
489 478 1
478 515 1
515 478 1
479 490 1
490 479 1
480 491 1
491 480 1
481 491 1
491 481 1
481 532 1
532 481 1
482 493 1
493 482 1
482 494 1
494 482 1
483 494 1
494 483 1
483 495 1
495 483 1
484 495 1
495 484 1
484 496 1
496 484 1
485 496 1
496 485 1
485 544 1
544 485 1
486 497 1
497 486 1
486 524 1
524 486 1
487 498 1
498 487 1
487 499 1
499 487 1
488 500 1
500 488 1
488 501 1
501 488 1
489 501 1
501 489 1
489 520 1
520 489 1
490 515 1
515 490 1
491 537 1
537 491 1
491 623 1
623 491 1
492 508 1
508 492 1
492 526 1
526 492 1
493 502 1
502 493 1
493 508 1
508 493 1
494 502 1
502 494 1
494 503 1
503 494 1
495 503 1
503 495 1
495 504 1
504 495 1
496 504 1
504 496 1
496 550 1
550 496 1
497 505 1
505 497 1
497 529 1
529 497 1
498 506 1
506 498 1
498 511 1
511 498 1
499 506 1
506 499 1
499 546 1
546 499 1
500 507 1
507 500 1
500 519 1
519 500 1
501 507 1
507 501 1
501 525 1
525 501 1
502 509 1
509 502 1
502 512 1
512 502 1
503 509 1
509 503 1
503 510 1
510 503 1
504 510 1
510 504 1
504 556 1
556 504 1
505 535 1
535 505 1
505 551 1
551 505 1
506 514 1
514 506 1
507 531 1
531 507 1
507 640 1
640 507 1
508 512 1
512 508 1
508 538 1
538 508 1
509 513 1
513 509 1
509 516 1
516 509 1
510 513 1
513 510 1
510 561 1
561 510 1
511 514 1
514 511 1
512 516 1
516 512 1
513 521 1
521 513 1
513 565 1
565 513 1
514 518 1
518 514 1
514 563 1
563 514 1
515 520 1
520 515 1
515 542 1
542 515 1
516 521 1
521 516 1
516 549 1
549 516 1
517 522 1
522 517 1
517 523 1
523 517 1
518 530 1
530 518 1
518 567 1
567 518 1
519 546 1
546 519 1
519 552 1
552 519 1
520 525 1
525 520 1
521 555 1
555 521 1
521 570 1
570 521 1
522 527 1
527 522 1
522 528 1
528 522 1
523 528 1
528 523 1
523 551 1
551 523 1
524 529 1
529 524 1
524 569 1
569 524 1
525 531 1
531 525 1
525 553 1
553 525 1
526 532 1
532 526 1
526 538 1
538 526 1
527 533 1
533 527 1
527 534 1
534 527 1
528 534 1
534 528 1
528 557 1
557 528 1
529 535 1
535 529 1
529 572 1
572 529 1
530 541 1
541 530 1
530 573 1
573 530 1
531 552 1
552 531 1
531 558 1
558 531 1
532 537 1
537 532 1
532 543 1
543 532 1
533 539 1
539 533 1
533 540 1
540 533 1
534 540 1
540 534 1
534 562 1
562 534 1
535 578 1
578 535 1
535 579 1
579 535 1
536 541 1
541 536 1
536 569 1
569 536 1
537 547 1
547 537 1
537 659 1
659 537 1
538 543 1
543 538 1
539 544 1
544 539 1
539 545 1
545 539 1
540 545 1
545 540 1
540 566 1
566 540 1
541 582 1
582 541 1
543 547 1
547 543 1
543 548 1
548 543 1
544 550 1
550 544 1
545 568 1
568 545 1
546 563 1
563 546 1
546 574 1
574 546 1
547 670 1
670 547 1
548 554 1
554 548 1
549 554 1
554 549 1
549 555 1
555 549 1
550 556 1
556 550 1
551 557 1
557 551 1
551 578 1
578 551 1
552 574 1
574 552 1
553 558 1
558 553 1
554 559 1
559 554 1
554 560 1
560 554 1
555 560 1
560 555 1
555 576 1
576 555 1
556 561 1
561 556 1
556 580 1
580 556 1
557 562 1
562 557 1
557 581 1
581 557 1
558 669 1
669 558 1
559 564 1
564 559 1
559 642 1
642 559 1
560 564 1
564 560 1
561 565 1
565 561 1
561 583 1
583 561 1
562 566 1
566 562 1
562 584 1
584 562 1
563 567 1
567 563 1
563 585 1
585 563 1
564 648 1
648 564 1
565 570 1
570 565 1
565 586 1
586 565 1
566 568 1
568 566 1
566 587 1
587 566 1
567 573 1
573 567 1
567 588 1
588 567 1
568 571 1
571 568 1
568 589 1
589 568 1
569 572 1
572 569 1
570 590 1
590 570 1
570 591 1
591 570 1
571 577 1
577 571 1
571 592 1
592 571 1
572 579 1
579 572 1
573 582 1
582 573 1
573 593 1
593 573 1
574 585 1
585 574 1
576 590 1
590 576 1
576 674 1
674 576 1
577 580 1
580 577 1
577 595 1
595 577 1
578 581 1
581 578 1
578 602 1
602 578 1
579 602 1
602 579 1
580 583 1
583 580 1
580 597 1
597 580 1
581 584 1
584 581 1
581 604 1
604 581 1
582 598 1
598 582 1
583 586 1
586 583 1
583 600 1
600 583 1
584 587 1
587 584 1
584 607 1
607 584 1
585 588 1
588 585 1
586 591 1
591 586 1
586 601 1
601 586 1
587 589 1
589 587 1
587 609 1
609 587 1
588 593 1
593 588 1
589 592 1
592 589 1
589 612 1
612 589 1
590 594 1
594 590 1
591 605 1
605 591 1
591 606 1
606 591 1
592 595 1
595 592 1
592 614 1
614 592 1
593 598 1
598 593 1
594 596 1
596 594 1
594 605 1
605 594 1
595 597 1
597 595 1
595 617 1
617 595 1
596 599 1
599 596 1
596 608 1
608 596 1
597 600 1
600 597 1
597 620 1
620 597 1
598 664 1
664 598 1
599 611 1
611 599 1
599 717 1
717 599 1
600 601 1
601 600 1
600 625 1
625 600 1
601 606 1
606 601 1
601 629 1
629 601 1
602 604 1
604 602 1
603 616 1
616 603 1
604 607 1
607 604 1
605 608 1
608 605 1
605 624 1
624 605 1
606 624 1
624 606 1
606 637 1
637 606 1
607 609 1
609 607 1
607 610 1
610 607 1
608 611 1
611 608 1
608 628 1
628 608 1
609 612 1
612 609 1
609 613 1
613 609 1
610 613 1
613 610 1
610 638 1
638 610 1
611 633 1
633 611 1
611 742 1
742 611 1
612 614 1
614 612 1
612 615 1
615 612 1
613 615 1
615 613 1
613 643 1
643 613 1
614 617 1
617 614 1
614 618 1
618 614 1
615 618 1
618 615 1
615 694 1
694 615 1
616 619 1
619 616 1
617 620 1
620 617 1
617 621 1
621 617 1
618 621 1
621 618 1
618 653 1
653 618 1
619 622 1
622 619 1
620 625 1
625 620 1
620 712 1
712 620 1
621 657 1
657 621 1
621 676 1
676 621 1
622 626 1
626 622 1
622 627 1
627 622 1
623 627 1
627 623 1
623 659 1
659 623 1
624 628 1
628 624 1
624 667 1
667 624 1
625 629 1
629 625 1
625 718 1
718 625 1
626 631 1
631 626 1
626 632 1
632 626 1
627 632 1
632 627 1
628 633 1
633 628 1
628 675 1
675 628 1
629 637 1
637 629 1
629 723 1
723 629 1
630 634 1
634 630 1
631 635 1
635 631 1
632 635 1
635 632 1
633 684 1
684 633 1
633 770 1
770 633 1
634 638 1
638 634 1
634 639 1
639 634 1
635 645 1
645 635 1
636 641 1
641 636 1
636 642 1
642 636 1
637 667 1
667 637 1
637 733 1
733 637 1
638 643 1
643 638 1
639 644 1
644 639 1
640 644 1
644 640 1
640 664 1
664 640 1
641 646 1
646 641 1
641 647 1
647 641 1
642 647 1
647 642 1
642 648 1
648 642 1
643 653 1
653 643 1
644 649 1
649 644 1
645 696 1
696 645 1
646 650 1
650 646 1
646 651 1
651 646 1
647 651 1
651 647 1
647 652 1
652 647 1
648 652 1
652 648 1
648 674 1
674 648 1
649 654 1
654 649 1
649 677 1
677 649 1
650 655 1
655 650 1
650 660 1
660 650 1
651 655 1
655 651 1
651 656 1
656 651 1
652 656 1
656 652 1
652 683 1
683 652 1
653 657 1
657 653 1
653 658 1
658 653 1
654 663 1
663 654 1
654 686 1
686 654 1
655 661 1
661 655 1
655 666 1
666 655 1
656 661 1
661 656 1
656 692 1
692 656 1
657 662 1
662 657 1
657 728 1
728 657 1
658 662 1
662 658 1
658 663 1
663 658 1
659 670 1
670 659 1
660 665 1
665 660 1
660 666 1
666 660 1
661 673 1
673 661 1
661 701 1
701 661 1
662 668 1
668 662 1
662 732 1
732 662 1
663 668 1
668 663 1
663 702 1
702 663 1
664 669 1
669 664 1
665 671 1
671 665 1
665 672 1
672 665 1
666 672 1
672 666 1
666 673 1
673 666 1
667 675 1
675 667 1
667 676 1
676 667 1
668 706 1
706 668 1
668 738 1
738 668 1
669 678 1
678 669 1
670 679 1
679 670 1
670 680 1
680 670 1
671 680 1
680 671 1
671 681 1
681 671 1
672 681 1
681 672 1
672 682 1
682 672 1
673 682 1
682 673 1
673 710 1
710 673 1
674 683 1
683 674 1
674 711 1
711 674 1
675 684 1
684 675 1
675 685 1
685 675 1
676 685 1
685 676 1
676 728 1
728 676 1
677 686 1
686 677 1
677 687 1
687 677 1
678 687 1
687 678 1
679 688 1
688 679 1
679 689 1
689 679 1
680 689 1
689 680 1
680 690 1
690 680 1
681 690 1
690 681 1
681 691 1
691 681 1
682 691 1
691 682 1
682 715 1
715 682 1
683 692 1
692 683 1
683 716 1
716 683 1
684 693 1
693 684 1
684 801 1
801 684 1
685 693 1
693 685 1
685 731 1
731 685 1
686 694 1
694 686 1
686 695 1
695 686 1
687 695 1
695 687 1
688 697 1
697 688 1
688 698 1
698 688 1
689 698 1
698 689 1
689 699 1
699 689 1
690 699 1
699 690 1
690 700 1
700 690 1
691 700 1
700 691 1
691 720 1
720 691 1
692 701 1
701 692 1
692 721 1
721 692 1
693 736 1
736 693 1
693 805 1
805 693 1
694 702 1
702 694 1
696 707 1
707 696 1
697 703 1
703 697 1
697 707 1
707 697 1
698 703 1
703 698 1
698 704 1
704 698 1
699 704 1
704 699 1
699 705 1
705 699 1
700 705 1
705 700 1
700 725 1
725 700 1
701 710 1
710 701 1
701 726 1
726 701 1
702 706 1
706 702 1
703 708 1
708 703 1
703 713 1
713 703 1
704 708 1
708 704 1
704 709 1
709 704 1
705 709 1
709 705 1
705 729 1
729 705 1
706 712 1
712 706 1
707 713 1
713 707 1
708 714 1
714 708 1
708 719 1
719 708 1
709 714 1
714 709 1
709 734 1
734 709 1
710 715 1
715 710 1
710 735 1
735 710 1
711 716 1
716 711 1
711 717 1
717 711 1
712 718 1
718 712 1
713 719 1
719 713 1
713 739 1
739 713 1
714 724 1
724 714 1
714 764 1
764 714 1
715 720 1
720 715 1
715 740 1
740 715 1
716 721 1
721 716 1
716 722 1
722 716 1
717 722 1
722 717 1
717 742 1
742 717 1
718 723 1
723 718 1
719 724 1
724 719 1
720 725 1
725 720 1
720 746 1
746 720 1
721 726 1
726 721 1
721 727 1
727 721 1
722 727 1
727 722 1
722 748 1
748 722 1
723 733 1
733 723 1
724 750 1
750 724 1
724 751 1
751 724 1
725 729 1
729 725 1
725 752 1
752 725 1
726 730 1
730 726 1
726 735 1
735 726 1
727 730 1
730 727 1
727 754 1
754 727 1
728 731 1
731 728 1
728 732 1
732 728 1
729 734 1
734 729 1
729 757 1
757 729 1
730 741 1
741 730 1
730 759 1
759 730 1
731 736 1
736 731 1
731 737 1
737 731 1
732 737 1
737 732 1
732 738 1
738 732 1
733 763 1
763 733 1
734 751 1
751 734 1
734 761 1
761 734 1
735 740 1
740 735 1
735 741 1
741 735 1
736 743 1
743 736 1
737 743 1
743 737 1
737 744 1
744 737 1
738 744 1
744 738 1
738 763 1
763 738 1
739 745 1
745 739 1
740 746 1
746 740 1
740 747 1
747 740 1
741 747 1
747 741 1
741 766 1
766 741 1
742 748 1
748 742 1
742 770 1
770 742 1
743 749 1
749 743 1
744 749 1
749 744 1
744 767 1
767 744 1
746 752 1
752 746 1
746 753 1
753 746 1
747 753 1
753 747 1
747 769 1
769 747 1
748 754 1
754 748 1
748 775 1
775 748 1
749 771 1
771 749 1
750 756 1
756 750 1
750 772 1
772 750 1
751 772 1
772 751 1
751 773 1
773 751 1
752 757 1
757 752 1
752 758 1
758 752 1
753 758 1
758 753 1
753 774 1
774 753 1
754 759 1
759 754 1
754 779 1
779 754 1
755 760 1
760 755 1
756 760 1
760 756 1
756 776 1
776 756 1
757 761 1
761 757 1
757 762 1
762 757 1
758 762 1
762 758 1
758 778 1
778 758 1
759 766 1
766 759 1
759 782 1
782 759 1
760 780 1
780 760 1
760 831 1
831 760 1
761 764 1
764 761 1
761 765 1
765 761 1
762 765 1
765 762 1
762 781 1
781 762 1
763 767 1
767 763 1
764 768 1
768 764 1
764 773 1
773 764 1
765 768 1
768 765 1
765 783 1
783 765 1
766 769 1
769 766 1
766 785 1
785 766 1
767 771 1
771 767 1
768 777 1
777 768 1
768 784 1
784 768 1
769 774 1
774 769 1
769 787 1
787 769 1
770 775 1
775 770 1
770 788 1
788 770 1
771 854 1
854 771 1
772 776 1
776 772 1
772 786 1
786 772 1
773 777 1
777 773 1
773 786 1
786 773 1
774 778 1
778 774 1
774 791 1
791 774 1
775 779 1
779 775 1
775 792 1
792 775 1
776 780 1
780 776 1
776 789 1
789 776 1
777 790 1
790 777 1
778 781 1
781 778 1
778 795 1
795 778 1
779 782 1
782 779 1
779 796 1
796 779 1
780 794 1
794 780 1
780 846 1
846 780 1
781 783 1
783 781 1
781 798 1
798 781 1
782 785 1
785 782 1
782 799 1
799 782 1
783 784 1
784 783 1
783 802 1
802 783 1
784 790 1
790 784 1
784 806 1
806 784 1
785 787 1
787 785 1
785 807 1
807 785 1
786 789 1
789 786 1
787 791 1
791 787 1
787 811 1
811 787 1
788 792 1
792 788 1
788 793 1
793 788 1
789 794 1
794 789 1
790 810 1
810 790 1
790 815 1
815 790 1
791 795 1
795 791 1
791 816 1
816 791 1
792 796 1
796 792 1
792 797 1
797 792 1
793 797 1
797 793 1
793 801 1
801 793 1
795 798 1
798 795 1
795 819 1
819 795 1
796 799 1
799 796 1
796 800 1
800 796 1
797 800 1
800 797 1
797 804 1
804 797 1
798 802 1
802 798 1
798 822 1
822 798 1
799 803 1
803 799 1
799 807 1
807 799 1
800 803 1
803 800 1
800 808 1
808 800 1
801 804 1
804 801 1
801 805 1
805 801 1
802 806 1
806 802 1
802 825 1
825 802 1
803 812 1
812 803 1
803 813 1
813 803 1
804 808 1
808 804 1
804 809 1
809 804 1
805 809 1
809 805 1
806 815 1
815 806 1
806 840 1
840 806 1
807 811 1
811 807 1
807 812 1
812 807 1
808 813 1
813 808 1
810 814 1
814 810 1
810 832 1
832 810 1
811 816 1
816 811 1
811 817 1
817 811 1
812 817 1
817 812 1
812 821 1
821 812 1
813 821 1
821 813 1
814 818 1
818 814 1
814 835 1
835 814 1
815 832 1
832 815 1
815 844 1
844 815 1
816 819 1
819 816 1
816 820 1
820 816 1
817 820 1
820 817 1
817 824 1
824 817 1
818 839 1
839 818 1
819 822 1
822 819 1
819 823 1
823 819 1
820 823 1
823 820 1
820 827 1
827 820 1
821 824 1
824 821 1
822 825 1
825 822 1
822 826 1
826 822 1
823 826 1
826 823 1
823 830 1
830 823 1
824 827 1
827 824 1
824 828 1
828 824 1
825 829 1
829 825 1
825 850 1
850 825 1
826 829 1
829 826 1
826 833 1
833 826 1
827 830 1
830 827 1
829 836 1
836 829 1
829 903 1
903 829 1
830 833 1
833 830 1
831 834 1
834 831 1
831 846 1
846 831 1
832 835 1
835 832 1
832 850 1
850 832 1
833 836 1
836 833 1
833 837 1
837 833 1
834 838 1
838 834 1
834 849 1
849 834 1
835 839 1
839 835 1
835 852 1
852 835 1
836 840 1
840 836 1
836 841 1
841 836 1
837 841 1
841 837 1
838 851 1
851 838 1
838 864 1
864 838 1
839 855 1
855 839 1
839 888 1
888 839 1
840 843 1
843 840 1
840 844 1
844 840 1
841 843 1
843 841 1
843 861 1
861 843 1
843 883 1
883 843 1
844 857 1
857 844 1
844 885 1
885 844 1
845 848 1
848 845 1
845 859 1
859 845 1
846 849 1
849 846 1
846 865 1
865 846 1
848 863 1
863 848 1
849 851 1
851 849 1
849 870 1
870 849 1
850 852 1
852 850 1
850 857 1
857 850 1
851 873 1
873 851 1
851 884 1
884 851 1
852 855 1
855 852 1
852 860 1
860 852 1
854 856 1
856 854 1
855 866 1
866 855 1
856 859 1
859 856 1
857 860 1
860 857 1
857 861 1
861 857 1
858 862 1
862 858 1
858 876 1
876 858 1
859 863 1
863 859 1
860 866 1
866 860 1
860 867 1
867 860 1
861 867 1
867 861 1
861 894 1
894 861 1
862 878 1
878 862 1
863 868 1
868 863 1
863 872 1
872 863 1
864 869 1
869 864 1
865 870 1
870 865 1
866 871 1
871 866 1
866 908 1
908 866 1
867 871 1
871 867 1
867 896 1
896 867 1
869 875 1
875 869 1
869 902 1
902 869 1
870 873 1
873 870 1
871 900 1
900 871 1
871 910 1
910 871 1
872 874 1
874 872 1
873 895 1
895 873 1
874 876 1
876 874 1
875 877 1
877 875 1
875 904 1
904 875 1
876 878 1
878 876 1
877 879 1
879 877 1
877 884 1
884 877 1
878 880 1
880 878 1
879 882 1
882 879 1
879 886 1
886 879 1
880 881 1
881 880 1
881 883 1
883 881 1
882 887 1
887 882 1
882 890 1
890 882 1
883 885 1
885 883 1
884 886 1
886 884 1
884 895 1
895 884 1
885 894 1
894 885 1
886 890 1
890 886 1
886 897 1
897 886 1
887 889 1
889 887 1
888 891 1
891 888 1
889 893 1
893 889 1
889 901 1
901 889 1
890 915 1
915 890 1
891 892 1
892 891 1
892 899 1
899 892 1
892 912 1
912 892 1
893 962 1
962 893 1
894 896 1
896 894 1
895 897 1
897 895 1
895 907 1
907 895 1
896 900 1
900 896 1
897 911 1
911 897 1
898 902 1
902 898 1
898 912 1
912 898 1
899 905 1
905 899 1
899 920 1
920 899 1
900 958 1
958 900 1
902 904 1
904 902 1
902 916 1
916 902 1
903 906 1
906 903 1
903 908 1
908 903 1
904 907 1
907 904 1
904 919 1
919 904 1
905 926 1
926 905 1
906 909 1
909 906 1
908 909 1
909 908 1
908 910 1
910 908 1
909 913 1
913 909 1
909 914 1
914 909 1
910 914 1
914 910 1
910 930 1
930 910 1
911 922 1
922 911 1
912 916 1
916 912 1
912 920 1
920 912 1
913 917 1
917 913 1
913 937 1
937 913 1
914 917 1
917 914 1
914 934 1
934 914 1
915 922 1
922 915 1
916 919 1
919 916 1
916 921 1
921 916 1
917 938 1
938 917 1
917 945 1
945 917 1
918 931 1
931 918 1
919 925 1
925 919 1
920 921 1
921 920 1
920 926 1
926 920 1
921 925 1
925 921 1
921 928 1
928 921 1
922 924 1
924 922 1
922 948 1
948 922 1
923 932 1
932 923 1
924 931 1
931 924 1
924 952 1
952 924 1
925 927 1
927 925 1
925 936 1
936 925 1
926 928 1
928 926 1
926 929 1
929 926 1
927 932 1
932 927 1
927 942 1
942 927 1
928 933 1
933 928 1
928 936 1
936 928 1
929 933 1
933 929 1
929 937 1
937 929 1
930 934 1
934 930 1
930 935 1
935 930 1
931 955 1
955 931 1
932 941 1
941 932 1
932 949 1
949 932 1
933 943 1
943 933 1
933 944 1
944 933 1
934 938 1
938 934 1
934 939 1
939 934 1
935 939 1
939 935 1
935 940 1
940 935 1
936 942 1
942 936 1
936 943 1
943 936 1
937 944 1
944 937 1
937 945 1
945 937 1
938 946 1
946 938 1
938 965 1
965 938 1
939 946 1
946 939 1
939 947 1
947 939 1
940 947 1
947 940 1
940 958 1
958 940 1
941 956 1
956 941 1
942 949 1
949 942 1
942 950 1
950 942 1
943 950 1
950 943 1
943 954 1
954 943 1
944 954 1
954 944 1
945 965 1
965 945 1
946 951 1
951 946 1
947 951 1
951 947 1
947 961 1
961 947 1
948 952 1
952 948 1
948 956 1
956 948 1
949 953 1
953 949 1
950 953 1
953 950 1
951 963 1
963 951 1
951 968 1
968 951 1
952 955 1
955 952 1
952 959 1
959 952 1
955 964 1
964 955 1
956 959 1
959 956 1
957 960 1
960 957 1
957 971 1
971 957 1
958 961 1
961 958 1
959 964 1
964 959 1
960 973 1
973 960 1
961 963 1
963 961 1
963 974 1
974 963 1
965 966 1
966 965 1
966 967 1
967 966 1
966 969 1
969 966 1
967 970 1
970 967 1
967 972 1
972 967 1
968 970 1
970 968 1
968 974 1
974 968 1
969 971 1
971 969 1
969 972 1
972 969 1
971 973 1
973 971 1
S 18
1011 991 985 982 988 989 992 990 993 994 979 980 981 1003 997 983 995 975
T 18
1005 1010 986 996 1006 984 976 998 999 977 1000 1001 1002 978 1007 1008 1009 987
