# meta: nome=pace18-t2-061-regiao-f4
# meta: familia=pace2018
# meta: classe=principal
# meta: das_compat=exata
# meta: instancia_original=Track2/instance061.gr
# meta: fonte=PACE 2018 Steiner Tree, trilha 2
# meta: problema_original=Steiner em grafos (trilha de largura de árvore limitada)
# meta: url=https://github.com/PACE-challenge/SteinerTree-PACE-2018-instances
# meta: referencia=PACE 2018 Parameterized Algorithms and Computational Experiments Challenge (Steiner Tree); instâncias CC0
# meta: transformacao=G-UNIT; maior componente conexa; não dirigido; passos unitários
# meta: regra_ST=ST-REGIAO
# meta: regra_r=R-FRAC:4 (lambda*=32)
# meta: seed=
# meta: script=src/converters/build_benchmark.py
# meta: commit_gerador=a647555
# meta: observacao=arquivo traz decomposição em árvore; largura registrada pelo PACE na linha "s td"
N 528
M 2034
R 8
# u v length
1 5 1
5 1 1
1 434 1
434 1 1
1 436 1
436 1 1
1 438 1
438 1 1
1 444 1
444 1 1
2 440 1
440 2 1
2 443 1
443 2 1
2 444 1
444 2 1
3 10 1
10 3 1
3 418 1
418 3 1
3 421 1
421 3 1
3 431 1
431 3 1
3 445 1
445 3 1
4 431 1
431 4 1
4 435 1
435 4 1
4 445 1
445 4 1
5 441 1
441 5 1
5 442 1
442 5 1
5 446 1
446 5 1
6 442 1
442 6 1
6 443 1
443 6 1
6 446 1
446 6 1
7 17 1
17 7 1
7 432 1
432 7 1
7 434 1
434 7 1
7 436 1
436 7 1
7 447 1
447 7 1
8 9 1
9 8 1
8 10 1
10 8 1
8 432 1
432 8 1
8 434 1
434 8 1
8 447 1
447 8 1
9 11 1
11 9 1
9 439 1
439 9 1
9 440 1
440 9 1
9 447 1
447 9 1
10 11 1
11 10 1
10 426 1
426 10 1
10 448 1
448 10 1
11 431 1
431 11 1
11 435 1
435 11 1
11 448 1
448 11 1
12 20 1
20 12 1
12 411 1
411 12 1
12 418 1
418 12 1
12 421 1
421 12 1
12 449 1
449 12 1
13 14 1
14 13 1
13 411 1
411 13 1
13 418 1
418 13 1
13 449 1
449 13 1
14 424 1
424 14 1
14 449 1
449 14 1
15 16 1
16 15 1
15 25 1
25 15 1
15 416 1
416 15 1
15 422 1
422 15 1
15 450 1
450 15 1
16 26 1
26 16 1
16 428 1
428 16 1
16 430 1
430 16 1
16 450 1
450 16 1
17 428 1
428 17 1
17 430 1
430 17 1
17 433 1
433 17 1
17 450 1
450 17 1
18 19 1
19 18 1
18 394 1
394 18 1
18 401 1
401 18 1
18 451 1
451 18 1
19 406 1
406 19 1
19 409 1
409 19 1
19 451 1
451 19 1
20 406 1
406 20 1
20 409 1
409 20 1
20 417 1
417 20 1
20 451 1
451 20 1
21 22 1
22 21 1
21 425 1
425 21 1
21 429 1
429 21 1
21 452 1
452 21 1
22 24 1
24 22 1
22 437 1
437 22 1
22 452 1
452 22 1
23 30 1
30 23 1
23 420 1
420 23 1
23 425 1
425 23 1
23 429 1
429 23 1
23 453 1
453 23 1
24 425 1
425 24 1
24 430 1
430 24 1
24 433 1
433 24 1
24 453 1
453 24 1
25 26 1
26 25 1
25 404 1
404 25 1
25 408 1
408 25 1
25 454 1
454 25 1
26 28 1
28 26 1
26 423 1
423 26 1
26 454 1
454 26 1
27 32 1
32 27 1
27 399 1
399 27 1
27 404 1
404 27 1
27 408 1
408 27 1
27 455 1
455 27 1
28 404 1
404 28 1
28 409 1
409 28 1
28 417 1
417 28 1
28 455 1
455 28 1
29 33 1
33 29 1
29 403 1
403 29 1
29 407 1
407 29 1
29 419 1
419 29 1
29 456 1
456 29 1
30 415 1
415 30 1
30 419 1
419 30 1
30 427 1
427 30 1
30 456 1
456 30 1
31 38 1
38 31 1
31 382 1
382 31 1
31 385 1
385 31 1
31 398 1
398 31 1
31 457 1
457 31 1
32 393 1
393 32 1
32 398 1
398 32 1
32 405 1
405 32 1
32 457 1
457 32 1
33 34 1
34 33 1
33 414 1
414 33 1
33 458 1
458 33 1
34 419 1
419 34 1
34 427 1
427 34 1
34 458 1
458 34 1
35 45 1
45 35 1
35 400 1
400 35 1
35 403 1
403 35 1
35 407 1
407 35 1
35 459 1
459 35 1
36 37 1
37 36 1
36 38 1
38 36 1
36 400 1
400 36 1
36 403 1
403 36 1
36 459 1
459 36 1
37 39 1
39 37 1
37 412 1
412 37 1
37 413 1
413 37 1
37 459 1
459 37 1
38 39 1
39 38 1
38 391 1
391 38 1
38 460 1
460 38 1
39 398 1
398 39 1
39 405 1
405 39 1
39 460 1
460 39 1
40 48 1
48 40 1
40 375 1
375 40 1
40 382 1
382 40 1
40 385 1
385 40 1
40 461 1
461 40 1
41 42 1
42 41 1
41 375 1
375 41 1
41 382 1
382 41 1
41 461 1
461 41 1
42 388 1
388 42 1
42 389 1
389 42 1
42 461 1
461 42 1
43 44 1
44 43 1
43 53 1
53 43 1
43 380 1
380 43 1
43 386 1
386 43 1
43 462 1
462 43 1
44 54 1
54 44 1
44 395 1
395 44 1
44 397 1
397 44 1
44 462 1
462 44 1
45 395 1
395 45 1
45 397 1
397 45 1
45 402 1
402 45 1
45 462 1
462 45 1
46 47 1
47 46 1
46 358 1
358 46 1
46 365 1
365 46 1
46 463 1
463 46 1
47 370 1
370 47 1
47 373 1
373 47 1
47 463 1
463 47 1
48 370 1
370 48 1
48 373 1
373 48 1
48 381 1
381 48 1
48 463 1
463 48 1
49 50 1
50 49 1
49 390 1
390 49 1
49 396 1
396 49 1
49 464 1
464 49 1
50 52 1
52 50 1
50 410 1
410 50 1
50 464 1
464 50 1
51 58 1
58 51 1
51 384 1
384 51 1
51 390 1
390 51 1
51 396 1
396 51 1
51 465 1
465 51 1
52 390 1
390 52 1
52 397 1
397 52 1
52 402 1
402 52 1
52 465 1
465 52 1
53 54 1
54 53 1
53 368 1
368 53 1
53 372 1
372 53 1
53 466 1
466 53 1
54 56 1
56 54 1
54 387 1
387 54 1
54 466 1
466 54 1
55 60 1
60 55 1
55 363 1
363 55 1
55 368 1
368 55 1
55 372 1
372 55 1
55 467 1
467 55 1
56 368 1
368 56 1
56 373 1
373 56 1
56 381 1
381 56 1
56 467 1
467 56 1
57 61 1
61 57 1
57 367 1
367 57 1
57 371 1
371 57 1
57 383 1
383 57 1
57 468 1
468 57 1
58 379 1
379 58 1
58 383 1
383 58 1
58 392 1
392 58 1
58 468 1
468 58 1
59 66 1
66 59 1
59 346 1
346 59 1
59 349 1
349 59 1
59 362 1
362 59 1
59 469 1
469 59 1
60 357 1
357 60 1
60 362 1
362 60 1
60 369 1
369 60 1
60 469 1
469 60 1
61 62 1
62 61 1
61 378 1
378 61 1
61 470 1
470 61 1
62 383 1
383 62 1
62 392 1
392 62 1
62 470 1
470 62 1
63 73 1
73 63 1
63 364 1
364 63 1
63 367 1
367 63 1
63 371 1
371 63 1
63 471 1
471 63 1
64 65 1
65 64 1
64 66 1
66 64 1
64 364 1
364 64 1
64 367 1
367 64 1
64 471 1
471 64 1
65 67 1
67 65 1
65 376 1
376 65 1
65 377 1
377 65 1
65 471 1
471 65 1
66 67 1
67 66 1
66 355 1
355 66 1
66 472 1
472 66 1
67 362 1
362 67 1
67 369 1
369 67 1
67 472 1
472 67 1
68 76 1
76 68 1
68 339 1
339 68 1
68 346 1
346 68 1
68 349 1
349 68 1
68 473 1
473 68 1
69 70 1
70 69 1
69 339 1
339 69 1
69 346 1
346 69 1
69 473 1
473 69 1
70 352 1
352 70 1
70 353 1
353 70 1
70 473 1
473 70 1
71 72 1
72 71 1
71 81 1
81 71 1
71 344 1
344 71 1
71 350 1
350 71 1
71 474 1
474 71 1
72 82 1
82 72 1
72 359 1
359 72 1
72 361 1
361 72 1
72 474 1
474 72 1
73 359 1
359 73 1
73 361 1
361 73 1
73 366 1
366 73 1
73 474 1
474 73 1
74 75 1
75 74 1
74 322 1
322 74 1
74 329 1
329 74 1
74 475 1
475 74 1
75 334 1
334 75 1
75 337 1
337 75 1
75 475 1
475 75 1
76 334 1
334 76 1
76 337 1
337 76 1
76 345 1
345 76 1
76 475 1
475 76 1
77 78 1
78 77 1
77 354 1
354 77 1
77 360 1
360 77 1
77 476 1
476 77 1
78 80 1
80 78 1
78 374 1
374 78 1
78 476 1
476 78 1
79 86 1
86 79 1
79 348 1
348 79 1
79 354 1
354 79 1
79 360 1
360 79 1
79 477 1
477 79 1
80 354 1
354 80 1
80 361 1
361 80 1
80 366 1
366 80 1
80 477 1
477 80 1
81 82 1
82 81 1
81 332 1
332 81 1
81 336 1
336 81 1
81 478 1
478 81 1
82 84 1
84 82 1
82 351 1
351 82 1
82 478 1
478 82 1
83 88 1
88 83 1
83 327 1
327 83 1
83 332 1
332 83 1
83 336 1
336 83 1
83 479 1
479 83 1
84 332 1
332 84 1
84 337 1
337 84 1
84 345 1
345 84 1
84 479 1
479 84 1
85 89 1
89 85 1
85 331 1
331 85 1
85 335 1
335 85 1
85 347 1
347 85 1
85 480 1
480 85 1
86 343 1
343 86 1
86 347 1
347 86 1
86 356 1
356 86 1
86 480 1
480 86 1
87 94 1
94 87 1
87 310 1
310 87 1
87 313 1
313 87 1
87 326 1
326 87 1
87 481 1
481 87 1
88 321 1
321 88 1
88 326 1
326 88 1
88 333 1
333 88 1
88 481 1
481 88 1
89 90 1
90 89 1
89 342 1
342 89 1
89 482 1
482 89 1
90 347 1
347 90 1
90 356 1
356 90 1
90 482 1
482 90 1
91 101 1
101 91 1
91 328 1
328 91 1
91 331 1
331 91 1
91 335 1
335 91 1
91 483 1
483 91 1
92 93 1
93 92 1
92 94 1
94 92 1
92 328 1
328 92 1
92 331 1
331 92 1
92 483 1
483 92 1
93 95 1
95 93 1
93 340 1
340 93 1
93 341 1
341 93 1
93 483 1
483 93 1
94 95 1
95 94 1
94 319 1
319 94 1
94 484 1
484 94 1
95 326 1
326 95 1
95 333 1
333 95 1
95 484 1
484 95 1
96 104 1
104 96 1
96 303 1
303 96 1
96 310 1
310 96 1
96 313 1
313 96 1
96 485 1
485 96 1
97 98 1
98 97 1
97 303 1
303 97 1
97 310 1
310 97 1
97 485 1
485 97 1
98 316 1
316 98 1
98 317 1
317 98 1
98 485 1
485 98 1
99 100 1
100 99 1
99 109 1
109 99 1
99 308 1
308 99 1
99 314 1
314 99 1
99 486 1
486 99 1
100 110 1
110 100 1
100 323 1
323 100 1
100 325 1
325 100 1
100 486 1
486 100 1
101 323 1
323 101 1
101 325 1
325 101 1
101 330 1
330 101 1
101 486 1
486 101 1
102 103 1
103 102 1
102 286 1
286 102 1
102 293 1
293 102 1
102 487 1
487 102 1
103 298 1
298 103 1
103 301 1
301 103 1
103 487 1
487 103 1
104 298 1
298 104 1
104 301 1
301 104 1
104 309 1
309 104 1
104 487 1
487 104 1
105 106 1
106 105 1
105 318 1
318 105 1
105 324 1
324 105 1
105 488 1
488 105 1
106 108 1
108 106 1
106 338 1
338 106 1
106 488 1
488 106 1
107 114 1
114 107 1
107 312 1
312 107 1
107 318 1
318 107 1
107 324 1
324 107 1
107 489 1
489 107 1
108 318 1
318 108 1
108 325 1
325 108 1
108 330 1
330 108 1
108 489 1
489 108 1
109 110 1
110 109 1
109 296 1
296 109 1
109 300 1
300 109 1
109 490 1
490 109 1
110 112 1
112 110 1
110 315 1
315 110 1
110 490 1
490 110 1
111 116 1
116 111 1
111 291 1
291 111 1
111 296 1
296 111 1
111 300 1
300 111 1
111 491 1
491 111 1
112 296 1
296 112 1
112 301 1
301 112 1
112 309 1
309 112 1
112 491 1
491 112 1
113 117 1
117 113 1
113 295 1
295 113 1
113 299 1
299 113 1
113 311 1
311 113 1
113 492 1
492 113 1
114 307 1
307 114 1
114 311 1
311 114 1
114 320 1
320 114 1
114 492 1
492 114 1
115 122 1
122 115 1
115 274 1
274 115 1
115 277 1
277 115 1
115 290 1
290 115 1
115 493 1
493 115 1
116 285 1
285 116 1
116 290 1
290 116 1
116 297 1
297 116 1
116 493 1
493 116 1
117 118 1
118 117 1
117 306 1
306 117 1
117 494 1
494 117 1
118 311 1
311 118 1
118 320 1
320 118 1
118 494 1
494 118 1
119 129 1
129 119 1
119 292 1
292 119 1
119 295 1
295 119 1
119 299 1
299 119 1
119 495 1
495 119 1
120 121 1
121 120 1
120 122 1
122 120 1
120 292 1
292 120 1
120 295 1
295 120 1
120 495 1
495 120 1
121 123 1
123 121 1
121 304 1
304 121 1
121 305 1
305 121 1
121 495 1
495 121 1
122 123 1
123 122 1
122 283 1
283 122 1
122 496 1
496 122 1
123 290 1
290 123 1
123 297 1
297 123 1
123 496 1
496 123 1
124 132 1
132 124 1
124 267 1
267 124 1
124 274 1
274 124 1
124 277 1
277 124 1
124 497 1
497 124 1
125 126 1
126 125 1
125 267 1
267 125 1
125 274 1
274 125 1
125 497 1
497 125 1
126 280 1
280 126 1
126 281 1
281 126 1
126 497 1
497 126 1
127 128 1
128 127 1
127 137 1
137 127 1
127 272 1
272 127 1
127 278 1
278 127 1
127 498 1
498 127 1
128 138 1
138 128 1
128 287 1
287 128 1
128 289 1
289 128 1
128 498 1
498 128 1
129 287 1
287 129 1
129 289 1
289 129 1
129 294 1
294 129 1
129 498 1
498 129 1
130 131 1
131 130 1
130 250 1
250 130 1
130 257 1
257 130 1
130 499 1
499 130 1
131 262 1
262 131 1
131 265 1
265 131 1
131 499 1
499 131 1
132 262 1
262 132 1
132 265 1
265 132 1
132 273 1
273 132 1
132 499 1
499 132 1
133 134 1
134 133 1
133 282 1
282 133 1
133 288 1
288 133 1
133 500 1
500 133 1
134 136 1
136 134 1
134 302 1
302 134 1
134 500 1
500 134 1
135 142 1
142 135 1
135 276 1
276 135 1
135 282 1
282 135 1
135 288 1
288 135 1
135 501 1
501 135 1
136 282 1
282 136 1
136 289 1
289 136 1
136 294 1
294 136 1
136 501 1
501 136 1
137 138 1
138 137 1
137 260 1
260 137 1
137 264 1
264 137 1
137 502 1
502 137 1
138 140 1
140 138 1
138 279 1
279 138 1
138 502 1
502 138 1
139 144 1
144 139 1
139 255 1
255 139 1
139 260 1
260 139 1
139 264 1
264 139 1
139 503 1
503 139 1
140 260 1
260 140 1
140 265 1
265 140 1
140 273 1
273 140 1
140 503 1
503 140 1
141 145 1
145 141 1
141 259 1
259 141 1
141 263 1
263 141 1
141 275 1
275 141 1
141 504 1
504 141 1
142 271 1
271 142 1
142 275 1
275 142 1
142 284 1
284 142 1
142 504 1
504 142 1
143 150 1
150 143 1
143 238 1
238 143 1
143 241 1
241 143 1
143 254 1
254 143 1
143 505 1
505 143 1
144 249 1
249 144 1
144 254 1
254 144 1
144 261 1
261 144 1
144 505 1
505 144 1
145 146 1
146 145 1
145 270 1
270 145 1
145 506 1
506 145 1
146 275 1
275 146 1
146 284 1
284 146 1
146 506 1
506 146 1
147 157 1
157 147 1
147 256 1
256 147 1
147 259 1
259 147 1
147 263 1
263 147 1
147 507 1
507 147 1
148 149 1
149 148 1
148 150 1
150 148 1
148 256 1
256 148 1
148 259 1
259 148 1
148 507 1
507 148 1
149 151 1
151 149 1
149 268 1
268 149 1
149 269 1
269 149 1
149 507 1
507 149 1
150 151 1
151 150 1
150 247 1
247 150 1
150 508 1
508 150 1
151 254 1
254 151 1
151 261 1
261 151 1
151 508 1
508 151 1
152 160 1
160 152 1
152 231 1
231 152 1
152 238 1
238 152 1
152 241 1
241 152 1
152 509 1
509 152 1
153 154 1
154 153 1
153 231 1
231 153 1
153 238 1
238 153 1
153 509 1
509 153 1
154 244 1
244 154 1
154 245 1
245 154 1
154 509 1
509 154 1
155 156 1
156 155 1
155 165 1
165 155 1
155 236 1
236 155 1
155 242 1
242 155 1
155 510 1
510 155 1
156 166 1
166 156 1
156 251 1
251 156 1
156 253 1
253 156 1
156 510 1
510 156 1
157 251 1
251 157 1
157 253 1
253 157 1
157 258 1
258 157 1
157 510 1
510 157 1
158 159 1
159 158 1
158 215 1
215 158 1
158 221 1
221 158 1
158 511 1
511 158 1
159 226 1
226 159 1
159 229 1
229 159 1
159 511 1
511 159 1
160 226 1
226 160 1
160 229 1
229 160 1
160 237 1
237 160 1
160 511 1
511 160 1
161 162 1
162 161 1
161 246 1
246 161 1
161 252 1
252 161 1
161 512 1
512 161 1
162 164 1
164 162 1
162 266 1
266 162 1
162 512 1
512 162 1
163 170 1
170 163 1
163 240 1
240 163 1
163 246 1
246 163 1
163 252 1
252 163 1
163 513 1
513 163 1
164 246 1
246 164 1
164 253 1
253 164 1
164 258 1
258 164 1
164 513 1
513 164 1
165 166 1
166 165 1
165 224 1
224 165 1
165 228 1
228 165 1
165 514 1
514 165 1
166 168 1
168 166 1
166 243 1
243 166 1
166 514 1
514 166 1
167 172 1
172 167 1
167 219 1
219 167 1
167 224 1
224 167 1
167 228 1
228 167 1
167 515 1
515 167 1
168 224 1
224 168 1
168 229 1
229 168 1
168 237 1
237 168 1
168 515 1
515 168 1
169 173 1
173 169 1
169 223 1
223 169 1
169 227 1
227 169 1
169 239 1
239 169 1
169 516 1
516 169 1
170 235 1
235 170 1
170 239 1
239 170 1
170 248 1
248 170 1
170 516 1
516 170 1
171 178 1
178 171 1
171 206 1
206 171 1
171 207 1
207 171 1
171 218 1
218 171 1
171 517 1
517 171 1
172 214 1
214 172 1
172 218 1
218 172 1
172 225 1
225 172 1
172 517 1
517 172 1
173 174 1
174 173 1
173 234 1
234 173 1
173 518 1
518 173 1
174 239 1
239 174 1
174 248 1
248 174 1
174 518 1
518 174 1
175 185 1
185 175 1
175 220 1
220 175 1
175 223 1
223 175 1
175 227 1
227 175 1
175 519 1
519 175 1
176 177 1
177 176 1
176 178 1
178 176 1
176 220 1
220 176 1
176 223 1
223 176 1
176 519 1
519 176 1
177 179 1
179 177 1
177 232 1
232 177 1
177 233 1
233 177 1
177 519 1
519 177 1
178 179 1
179 178 1
178 213 1
213 178 1
178 520 1
520 178 1
179 218 1
218 179 1
179 225 1
225 179 1
179 520 1
520 179 1
180 188 1
188 180 1
180 203 1
203 180 1
180 206 1
206 180 1
180 207 1
207 180 1
180 521 1
521 180 1
181 182 1
182 181 1
181 203 1
203 181 1
181 206 1
206 181 1
181 521 1
521 181 1
182 210 1
210 182 1
182 211 1
211 182 1
182 521 1
521 182 1
183 184 1
184 183 1
183 193 1
193 183 1
183 204 1
204 183 1
183 208 1
208 183 1
183 522 1
522 183 1
184 194 1
194 184 1
184 216 1
216 184 1
184 217 1
217 184 1
184 522 1
522 184 1
185 216 1
216 185 1
185 217 1
217 185 1
185 222 1
222 185 1
185 522 1
522 185 1
186 187 1
187 186 1
186 198 1
198 186 1
186 523 1
523 186 1
187 200 1
200 187 1
187 202 1
202 187 1
187 523 1
523 187 1
188 200 1
200 188 1
188 202 1
202 188 1
188 205 1
205 188 1
188 523 1
523 188 1
189 190 1
190 189 1
189 212 1
212 189 1
189 524 1
524 189 1
190 192 1
192 190 1
190 230 1
230 190 1
190 524 1
524 190 1
191 204 1
204 191 1
191 212 1
212 191 1
191 525 1
525 191 1
192 212 1
212 192 1
192 217 1
217 192 1
192 222 1
222 192 1
192 525 1
525 192 1
193 194 1
194 193 1
193 199 1
199 193 1
193 201 1
201 193 1
193 526 1
526 193 1
194 196 1
196 194 1
194 209 1
209 194 1
194 526 1
526 194 1
195 199 1
199 195 1
195 201 1
201 195 1
195 527 1
527 195 1
196 199 1
199 196 1
196 202 1
202 196 1
196 205 1
205 196 1
196 527 1
527 196 1
197 442 1
442 197 1
197 528 1
528 197 1
198 199 1
199 198 1
198 202 1
202 198 1
200 203 1
203 200 1
201 204 1
204 201 1
205 207 1
207 205 1
205 209 1
209 205 1
206 210 1
210 206 1
207 213 1
213 207 1
208 212 1
212 208 1
208 217 1
217 208 1
209 213 1
213 209 1
209 216 1
216 209 1
210 214 1
214 210 1
210 218 1
218 210 1
211 214 1
214 211 1
211 215 1
215 211 1
213 220 1
220 213 1
214 219 1
219 214 1
215 219 1
219 215 1
216 220 1
220 216 1
219 221 1
221 219 1
221 224 1
224 221 1
221 229 1
229 221 1
222 227 1
227 222 1
222 230 1
230 222 1
223 232 1
232 223 1
225 228 1
228 225 1
225 233 1
233 225 1
226 231 1
231 226 1
227 234 1
234 227 1
228 236 1
236 228 1
230 234 1
234 230 1
232 235 1
235 232 1
232 239 1
239 232 1
233 235 1
235 233 1
233 236 1
236 233 1
235 240 1
240 235 1
236 240 1
240 236 1
237 241 1
241 237 1
237 243 1
243 237 1
238 244 1
244 238 1
240 242 1
242 240 1
241 247 1
247 241 1
242 246 1
246 242 1
242 253 1
253 242 1
243 247 1
247 243 1
243 251 1
251 243 1
244 249 1
249 244 1
244 254 1
254 244 1
245 249 1
249 245 1
245 250 1
250 245 1
247 256 1
256 247 1
248 252 1
252 248 1
249 255 1
255 249 1
250 255 1
255 250 1
251 256 1
256 251 1
255 257 1
257 255 1
257 260 1
260 257 1
257 265 1
265 257 1
258 263 1
263 258 1
258 266 1
266 258 1
259 268 1
268 259 1
261 264 1
264 261 1
261 269 1
269 261 1
262 267 1
267 262 1
263 270 1
270 263 1
264 272 1
272 264 1
266 270 1
270 266 1
268 271 1
271 268 1
268 275 1
275 268 1
269 271 1
271 269 1
269 272 1
272 269 1
271 276 1
276 271 1
272 276 1
276 272 1
273 277 1
277 273 1
273 279 1
279 273 1
274 280 1
280 274 1
276 278 1
278 276 1
277 283 1
283 277 1
278 282 1
282 278 1
278 289 1
289 278 1
279 283 1
283 279 1
279 287 1
287 279 1
280 285 1
285 280 1
280 290 1
290 280 1
281 285 1
285 281 1
281 286 1
286 281 1
283 292 1
292 283 1
284 288 1
288 284 1
285 291 1
291 285 1
286 291 1
291 286 1
287 292 1
292 287 1
291 293 1
293 291 1
293 296 1
296 293 1
293 301 1
301 293 1
294 299 1
299 294 1
294 302 1
302 294 1
295 304 1
304 295 1
297 300 1
300 297 1
297 305 1
305 297 1
298 303 1
303 298 1
299 306 1
306 299 1
300 308 1
308 300 1
302 306 1
306 302 1
304 307 1
307 304 1
304 311 1
311 304 1
305 307 1
307 305 1
305 308 1
308 305 1
307 312 1
312 307 1
308 312 1
312 308 1
309 313 1
313 309 1
309 315 1
315 309 1
310 316 1
316 310 1
312 314 1
314 312 1
313 319 1
319 313 1
314 318 1
318 314 1
314 325 1
325 314 1
315 319 1
319 315 1
315 323 1
323 315 1
316 321 1
321 316 1
316 326 1
326 316 1
317 321 1
321 317 1
317 322 1
322 317 1
319 328 1
328 319 1
320 324 1
324 320 1
321 327 1
327 321 1
322 327 1
327 322 1
323 328 1
328 323 1
327 329 1
329 327 1
329 332 1
332 329 1
329 337 1
337 329 1
330 335 1
335 330 1
330 338 1
338 330 1
331 340 1
340 331 1
333 336 1
336 333 1
333 341 1
341 333 1
334 339 1
339 334 1
335 342 1
342 335 1
336 344 1
344 336 1
338 342 1
342 338 1
340 343 1
343 340 1
340 347 1
347 340 1
341 343 1
343 341 1
341 344 1
344 341 1
343 348 1
348 343 1
344 348 1
348 344 1
345 349 1
349 345 1
345 351 1
351 345 1
346 352 1
352 346 1
348 350 1
350 348 1
349 355 1
355 349 1
350 354 1
354 350 1
350 361 1
361 350 1
351 355 1
355 351 1
351 359 1
359 351 1
352 357 1
357 352 1
352 362 1
362 352 1
353 357 1
357 353 1
353 358 1
358 353 1
355 364 1
364 355 1
356 360 1
360 356 1
357 363 1
363 357 1
358 363 1
363 358 1
359 364 1
364 359 1
363 365 1
365 363 1
365 368 1
368 365 1
365 373 1
373 365 1
366 371 1
371 366 1
366 374 1
374 366 1
367 376 1
376 367 1
369 372 1
372 369 1
369 377 1
377 369 1
370 375 1
375 370 1
371 378 1
378 371 1
372 380 1
380 372 1
374 378 1
378 374 1
376 379 1
379 376 1
376 383 1
383 376 1
377 379 1
379 377 1
377 380 1
380 377 1
379 384 1
384 379 1
380 384 1
384 380 1
381 385 1
385 381 1
381 387 1
387 381 1
382 388 1
388 382 1
384 386 1
386 384 1
385 391 1
391 385 1
386 390 1
390 386 1
386 397 1
397 386 1
387 391 1
391 387 1
387 395 1
395 387 1
388 393 1
393 388 1
388 398 1
398 388 1
389 393 1
393 389 1
389 394 1
394 389 1
391 400 1
400 391 1
392 396 1
396 392 1
393 399 1
399 393 1
394 399 1
399 394 1
395 400 1
400 395 1
399 401 1
401 399 1
401 404 1
404 401 1
401 409 1
409 401 1
402 407 1
407 402 1
402 410 1
410 402 1
403 412 1
412 403 1
405 408 1
408 405 1
405 413 1
413 405 1
406 411 1
411 406 1
407 414 1
414 407 1
408 416 1
416 408 1
410 414 1
414 410 1
412 415 1
415 412 1
412 419 1
419 412 1
413 415 1
415 413 1
413 416 1
416 413 1
415 420 1
420 415 1
416 420 1
420 416 1
417 421 1
421 417 1
417 423 1
423 417 1
418 424 1
424 418 1
420 422 1
422 420 1
421 426 1
426 421 1
422 425 1
425 422 1
422 430 1
430 422 1
423 426 1
426 423 1
423 428 1
428 423 1
424 431 1
431 424 1
426 432 1
432 426 1
427 429 1
429 427 1
428 432 1
432 428 1
433 436 1
436 433 1
433 437 1
437 433 1
434 439 1
439 434 1
435 440 1
440 435 1
436 441 1
441 436 1
437 441 1
441 437 1
438 442 1
442 438 1
438 443 1
443 438 1
439 443 1
443 439 1
S 42
527 523 526 522 521 525 517 520 524 519 515 516 511 518 514 510 513 509 505 512 508 507 503 504 506 499 502 498 501 497 500 493 496 495 491 492 494 487 490 486 489 485
T 42
481 484 483 479 480 482 475 478 474 477 473 476 469 472 471 467 468 470 463 466 462 465 461 464 457 460 459 455 456 451 458 454 449 450 453 445 448 452 447 444 446 528
