# meta: nome=pace18-t2-181-regiao-f2
# meta: familia=pace2018
# meta: classe=principal
# meta: das_compat=exata
# meta: instancia_original=Track2/instance181.gr
# meta: fonte=PACE 2018 Steiner Tree, trilha 2
# meta: problema_original=Steiner em grafos (trilha de largura de árvore limitada)
# meta: url=https://github.com/PACE-challenge/SteinerTree-PACE-2018-instances
# meta: referencia=PACE 2018 Parameterized Algorithms and Computational Experiments Challenge (Steiner Tree); instâncias CC0
# meta: transformacao=G-UNIT; maior componente conexa; não dirigido; passos unitários
# meta: regra_ST=ST-REGIAO
# meta: regra_r=R-FRAC:2 (lambda*=30)
# meta: seed=
# meta: script=src/converters/build_benchmark.py
# meta: commit_gerador=a647555
# meta: observacao=arquivo traz decomposição em árvore; largura registrada pelo PACE na linha "s td"
N 757
M 2986
R 15
# u v length
1 20 1
20 1 1
1 642 1
642 1 1
1 678 1
678 1 1
1 700 1
700 1 1
2 3 1
3 2 1
2 643 1
643 2 1
2 679 1
679 2 1
2 700 1
700 2 1
3 4 1
4 3 1
3 11 1
11 3 1
3 684 1
684 3 1
3 700 1
700 3 1
4 12 1
12 4 1
4 685 1
685 4 1
4 700 1
700 4 1
5 6 1
6 5 1
5 234 1
234 5 1
5 701 1
701 5 1
6 7 1
7 6 1
6 235 1
235 6 1
6 701 1
701 6 1
7 8 1
8 7 1
7 242 1
242 7 1
7 701 1
701 7 1
8 207 1
207 8 1
8 243 1
243 8 1
8 701 1
701 8 1
9 10 1
10 9 1
9 24 1
24 9 1
9 612 1
612 9 1
9 642 1
642 9 1
9 702 1
702 9 1
10 11 1
11 10 1
10 614 1
614 10 1
10 643 1
643 10 1
10 702 1
702 10 1
11 12 1
12 11 1
11 628 1
628 11 1
11 702 1
702 11 1
12 629 1
629 12 1
12 702 1
702 12 1
13 14 1
14 13 1
13 600 1
600 13 1
13 612 1
612 13 1
13 703 1
703 13 1
14 15 1
15 14 1
14 614 1
614 14 1
14 703 1
703 14 1
15 16 1
16 15 1
15 628 1
628 15 1
15 703 1
703 15 1
16 629 1
629 16 1
16 703 1
703 16 1
17 18 1
18 17 1
17 624 1
624 17 1
17 627 1
627 17 1
17 666 1
666 17 1
17 704 1
704 17 1
18 19 1
19 18 1
18 625 1
625 18 1
18 667 1
667 18 1
18 704 1
704 18 1
19 20 1
20 19 1
19 636 1
636 19 1
19 672 1
672 19 1
19 704 1
704 19 1
20 637 1
637 20 1
20 673 1
673 20 1
20 704 1
704 20 1
21 22 1
22 21 1
21 606 1
606 21 1
21 609 1
609 21 1
21 624 1
624 21 1
21 705 1
705 21 1
22 23 1
23 22 1
22 607 1
607 22 1
22 625 1
625 22 1
22 705 1
705 22 1
23 24 1
24 23 1
23 616 1
616 23 1
23 636 1
636 23 1
23 705 1
705 23 1
24 618 1
618 24 1
24 637 1
637 24 1
24 705 1
705 24 1
25 26 1
26 25 1
25 597 1
597 25 1
25 599 1
599 25 1
25 606 1
606 25 1
25 706 1
706 25 1
26 27 1
27 26 1
26 600 1
600 26 1
26 607 1
607 26 1
26 706 1
706 26 1
27 28 1
28 27 1
27 616 1
616 27 1
27 706 1
706 27 1
28 612 1
612 28 1
28 618 1
618 28 1
28 706 1
706 28 1
29 30 1
30 29 1
29 617 1
617 29 1
29 654 1
654 29 1
29 707 1
707 29 1
30 31 1
31 30 1
30 619 1
619 30 1
30 655 1
655 30 1
30 707 1
707 30 1
31 32 1
32 31 1
31 630 1
630 31 1
31 660 1
660 31 1
31 707 1
707 31 1
32 631 1
631 32 1
32 661 1
661 32 1
32 707 1
707 32 1
33 34 1
34 33 1
33 601 1
601 33 1
33 603 1
603 33 1
33 610 1
610 33 1
33 708 1
708 33 1
34 35 1
35 34 1
34 602 1
602 34 1
34 611 1
611 34 1
34 708 1
708 34 1
35 36 1
36 35 1
35 608 1
608 35 1
35 626 1
626 35 1
35 708 1
708 35 1
36 609 1
609 36 1
36 624 1
624 36 1
36 627 1
627 36 1
36 708 1
708 36 1
37 38 1
38 37 1
37 585 1
585 37 1
37 588 1
588 37 1
37 601 1
601 37 1
37 709 1
709 37 1
38 39 1
39 38 1
38 589 1
589 38 1
38 602 1
602 38 1
38 709 1
709 38 1
39 40 1
40 39 1
39 596 1
596 39 1
39 608 1
608 39 1
39 709 1
709 39 1
40 597 1
597 40 1
40 606 1
606 40 1
40 609 1
609 40 1
40 709 1
709 40 1
41 42 1
42 41 1
41 48 1
48 41 1
41 583 1
583 41 1
41 710 1
710 41 1
42 43 1
43 42 1
42 585 1
585 42 1
42 710 1
710 42 1
43 44 1
44 43 1
43 603 1
603 43 1
43 710 1
710 43 1
44 588 1
588 44 1
44 599 1
599 44 1
44 710 1
710 44 1
45 46 1
46 45 1
45 570 1
570 45 1
45 575 1
575 45 1
45 711 1
711 45 1
46 47 1
47 46 1
46 576 1
576 46 1
46 711 1
711 46 1
47 48 1
48 47 1
47 578 1
578 47 1
47 711 1
711 47 1
48 579 1
579 48 1
48 711 1
711 48 1
49 50 1
50 49 1
49 565 1
565 49 1
49 604 1
604 49 1
49 712 1
712 49 1
50 51 1
51 50 1
50 566 1
566 50 1
50 605 1
605 50 1
50 712 1
712 50 1
51 52 1
52 51 1
51 569 1
569 51 1
51 613 1
613 51 1
51 712 1
712 51 1
52 570 1
570 52 1
52 586 1
586 52 1
52 615 1
615 52 1
52 617 1
617 52 1
52 712 1
712 52 1
53 54 1
54 53 1
53 548 1
548 53 1
53 551 1
551 53 1
53 713 1
713 53 1
54 55 1
55 54 1
54 552 1
552 54 1
54 713 1
713 54 1
55 56 1
56 55 1
55 713 1
713 55 1
56 565 1
565 56 1
56 713 1
713 56 1
57 58 1
58 57 1
57 231 1
231 57 1
57 541 1
541 57 1
57 714 1
714 57 1
58 59 1
59 58 1
58 542 1
542 58 1
58 714 1
714 58 1
59 60 1
60 59 1
59 547 1
547 59 1
59 714 1
714 59 1
60 548 1
548 60 1
60 714 1
714 60 1
61 231 1
231 61 1
61 404 1
404 61 1
61 715 1
715 61 1
62 233 1
233 62 1
62 439 1
439 62 1
62 555 1
555 62 1
62 571 1
571 62 1
62 715 1
715 62 1
63 64 1
64 63 1
63 407 1
407 63 1
63 442 1
442 63 1
63 716 1
716 63 1
64 65 1
65 64 1
64 411 1
411 64 1
64 716 1
716 64 1
65 66 1
66 65 1
65 435 1
435 65 1
65 559 1
559 65 1
65 716 1
716 65 1
66 439 1
439 66 1
66 560 1
560 66 1
66 716 1
716 66 1
67 68 1
68 67 1
67 380 1
380 67 1
67 385 1
385 67 1
67 717 1
717 67 1
68 69 1
69 68 1
68 382 1
382 68 1
68 388 1
388 68 1
68 717 1
717 68 1
69 70 1
70 69 1
69 402 1
402 69 1
69 418 1
418 69 1
69 717 1
717 69 1
70 231 1
231 70 1
70 404 1
404 70 1
70 421 1
421 70 1
70 717 1
717 70 1
71 72 1
72 71 1
71 380 1
380 71 1
71 718 1
718 71 1
72 73 1
73 72 1
72 382 1
382 72 1
72 718 1
718 72 1
73 74 1
74 73 1
73 402 1
402 73 1
73 718 1
718 73 1
74 404 1
404 74 1
74 718 1
718 74 1
75 76 1
76 75 1
75 283 1
283 75 1
75 410 1
410 75 1
75 504 1
504 75 1
75 545 1
545 75 1
75 719 1
719 75 1
76 77 1
77 76 1
76 415 1
415 76 1
76 546 1
546 76 1
76 719 1
719 76 1
77 78 1
78 77 1
77 438 1
438 77 1
77 549 1
549 77 1
77 719 1
719 77 1
78 442 1
442 78 1
78 550 1
550 78 1
78 719 1
719 78 1
79 80 1
80 79 1
79 536 1
536 79 1
79 538 1
538 79 1
79 720 1
720 79 1
80 81 1
81 80 1
80 540 1
540 80 1
80 720 1
720 80 1
81 82 1
82 81 1
81 543 1
543 81 1
81 720 1
720 81 1
82 544 1
544 82 1
82 720 1
720 82 1
83 84 1
84 83 1
83 519 1
519 83 1
83 522 1
522 83 1
83 529 1
529 83 1
83 721 1
721 83 1
84 85 1
85 84 1
84 521 1
521 84 1
84 530 1
530 84 1
84 721 1
721 84 1
85 86 1
86 85 1
85 531 1
531 85 1
85 537 1
537 85 1
85 721 1
721 85 1
86 532 1
532 86 1
86 539 1
539 86 1
86 721 1
721 86 1
87 88 1
88 87 1
87 489 1
489 87 1
87 496 1
496 87 1
87 506 1
506 87 1
87 722 1
722 87 1
88 89 1
89 88 1
88 494 1
494 88 1
88 508 1
508 88 1
88 722 1
722 88 1
89 90 1
90 89 1
89 511 1
511 89 1
89 526 1
526 89 1
89 722 1
722 89 1
90 514 1
514 90 1
90 528 1
528 90 1
90 722 1
722 90 1
91 92 1
92 91 1
91 114 1
114 91 1
91 524 1
524 91 1
91 723 1
723 91 1
92 93 1
93 92 1
92 527 1
527 92 1
92 723 1
723 92 1
93 94 1
94 93 1
93 534 1
534 93 1
93 723 1
723 93 1
94 536 1
536 94 1
94 723 1
723 94 1
95 96 1
96 95 1
95 118 1
118 95 1
95 501 1
501 95 1
95 523 1
523 95 1
95 724 1
724 95 1
96 97 1
97 96 1
96 503 1
503 96 1
96 525 1
525 96 1
96 724 1
724 96 1
97 98 1
98 97 1
97 520 1
520 97 1
97 533 1
533 97 1
97 724 1
724 97 1
98 522 1
522 98 1
98 529 1
529 98 1
98 535 1
535 98 1
98 724 1
724 98 1
99 100 1
100 99 1
99 122 1
122 99 1
99 466 1
466 99 1
99 483 1
483 99 1
99 725 1
725 99 1
100 101 1
101 100 1
100 468 1
468 100 1
100 485 1
485 100 1
100 725 1
725 100 1
101 102 1
102 101 1
101 493 1
493 101 1
101 505 1
505 101 1
101 725 1
725 101 1
102 496 1
496 102 1
102 506 1
506 102 1
102 507 1
507 102 1
102 725 1
725 102 1
103 104 1
104 103 1
103 126 1
126 103 1
103 448 1
448 103 1
103 726 1
726 103 1
104 105 1
105 104 1
104 452 1
452 104 1
104 726 1
726 104 1
105 106 1
106 105 1
105 472 1
472 105 1
105 726 1
726 105 1
106 473 1
473 106 1
106 475 1
475 106 1
106 726 1
726 106 1
107 108 1
108 107 1
107 111 1
111 107 1
107 134 1
134 107 1
107 727 1
727 107 1
108 109 1
109 108 1
108 112 1
112 108 1
108 727 1
727 108 1
109 110 1
110 109 1
109 113 1
113 109 1
109 727 1
727 109 1
110 114 1
114 110 1
110 727 1
727 110 1
111 112 1
112 111 1
111 495 1
495 111 1
111 498 1
498 111 1
111 728 1
728 111 1
112 113 1
113 112 1
112 500 1
500 112 1
112 728 1
728 112 1
113 114 1
114 113 1
113 516 1
516 113 1
113 728 1
728 113 1
114 518 1
518 114 1
114 728 1
728 114 1
115 116 1
116 115 1
115 459 1
459 115 1
115 463 1
463 115 1
115 487 1
487 115 1
115 729 1
729 115 1
116 117 1
117 116 1
116 464 1
464 116 1
116 492 1
492 116 1
116 729 1
729 116 1
117 118 1
118 117 1
117 484 1
484 117 1
117 510 1
510 117 1
117 729 1
729 117 1
118 488 1
488 118 1
118 513 1
513 118 1
118 729 1
729 118 1
119 120 1
120 119 1
119 422 1
422 119 1
119 425 1
425 119 1
119 445 1
445 119 1
119 730 1
730 119 1
120 121 1
121 120 1
120 428 1
428 120 1
120 446 1
446 120 1
120 730 1
730 120 1
121 122 1
122 121 1
121 451 1
451 121 1
121 469 1
469 121 1
121 730 1
730 121 1
122 455 1
455 122 1
122 470 1
470 122 1
122 730 1
730 122 1
123 124 1
124 123 1
123 383 1
383 123 1
123 405 1
405 123 1
123 731 1
731 123 1
124 125 1
125 124 1
124 406 1
406 124 1
124 731 1
731 124 1
125 126 1
126 125 1
125 433 1
433 125 1
125 731 1
731 125 1
126 434 1
434 126 1
126 731 1
731 126 1
127 128 1
128 127 1
127 131 1
131 127 1
127 732 1
732 127 1
128 129 1
129 128 1
128 132 1
132 128 1
128 732 1
732 128 1
129 130 1
130 129 1
129 133 1
133 129 1
129 732 1
732 129 1
130 134 1
134 130 1
130 732 1
732 130 1
131 132 1
132 131 1
131 486 1
486 131 1
131 733 1
733 131 1
132 133 1
133 132 1
132 490 1
490 132 1
132 733 1
733 132 1
133 134 1
134 133 1
133 509 1
509 133 1
133 733 1
733 133 1
134 512 1
512 134 1
134 733 1
733 134 1
135 136 1
136 135 1
135 348 1
348 135 1
135 362 1
362 135 1
135 734 1
734 135 1
136 137 1
137 136 1
136 365 1
365 136 1
136 734 1
734 136 1
137 138 1
138 137 1
137 381 1
381 137 1
137 734 1
734 137 1
138 383 1
383 138 1
138 734 1
734 138 1
139 140 1
140 139 1
139 424 1
424 139 1
139 735 1
735 139 1
140 141 1
141 140 1
140 427 1
427 140 1
140 735 1
735 140 1
141 142 1
142 141 1
141 449 1
449 141 1
141 735 1
735 141 1
142 453 1
453 142 1
142 486 1
486 142 1
142 735 1
735 142 1
143 144 1
144 143 1
143 147 1
147 143 1
143 394 1
394 143 1
143 416 1
416 143 1
143 736 1
736 143 1
144 145 1
145 144 1
144 384 1
384 144 1
144 419 1
419 144 1
144 736 1
736 144 1
145 146 1
146 145 1
145 412 1
412 145 1
145 443 1
443 145 1
145 736 1
736 145 1
146 417 1
417 146 1
146 444 1
444 146 1
146 447 1
447 146 1
146 736 1
736 146 1
147 148 1
148 147 1
147 367 1
367 147 1
147 371 1
371 147 1
147 737 1
737 147 1
148 149 1
149 148 1
148 374 1
374 148 1
148 384 1
384 148 1
148 737 1
737 148 1
149 150 1
150 149 1
149 392 1
392 149 1
149 412 1
412 149 1
149 737 1
737 149 1
150 395 1
395 150 1
150 408 1
408 150 1
150 417 1
417 150 1
150 737 1
737 150 1
151 152 1
152 151 1
151 345 1
345 151 1
151 351 1
351 151 1
151 357 1
357 151 1
151 738 1
738 151 1
152 153 1
153 152 1
152 353 1
353 152 1
152 359 1
359 152 1
152 738 1
738 152 1
153 154 1
154 153 1
153 361 1
361 153 1
153 378 1
378 153 1
153 738 1
738 153 1
154 364 1
364 154 1
154 376 1
376 154 1
154 379 1
379 154 1
154 738 1
738 154 1
155 156 1
156 155 1
155 327 1
327 155 1
155 331 1
331 155 1
155 336 1
336 155 1
155 739 1
739 155 1
156 157 1
157 156 1
156 333 1
333 156 1
156 337 1
337 156 1
156 739 1
739 156 1
157 158 1
158 157 1
157 341 1
341 157 1
157 346 1
346 157 1
157 739 1
739 157 1
158 343 1
343 158 1
158 348 1
348 158 1
158 739 1
739 158 1
159 160 1
160 159 1
159 306 1
306 159 1
159 309 1
309 159 1
159 331 1
331 159 1
159 740 1
740 159 1
160 161 1
161 160 1
160 308 1
308 160 1
160 333 1
333 160 1
160 740 1
740 160 1
161 162 1
162 161 1
161 320 1
320 161 1
161 341 1
341 161 1
161 740 1
740 161 1
162 321 1
321 162 1
162 343 1
343 162 1
162 740 1
740 162 1
163 164 1
164 163 1
163 289 1
289 163 1
163 295 1
295 163 1
163 306 1
306 163 1
163 741 1
741 163 1
164 165 1
165 164 1
164 293 1
293 164 1
164 308 1
308 164 1
164 741 1
741 164 1
165 166 1
166 165 1
165 303 1
303 165 1
165 320 1
320 165 1
165 741 1
741 165 1
166 305 1
305 166 1
166 321 1
321 166 1
166 741 1
741 166 1
167 168 1
168 167 1
167 274 1
274 167 1
167 277 1
277 167 1
167 289 1
289 167 1
167 742 1
742 167 1
168 169 1
169 168 1
168 276 1
276 168 1
168 293 1
293 168 1
168 742 1
742 168 1
169 170 1
170 169 1
169 286 1
286 169 1
169 303 1
303 169 1
169 742 1
742 169 1
170 287 1
287 170 1
170 305 1
305 170 1
170 742 1
742 170 1
171 172 1
172 171 1
171 239 1
239 171 1
171 255 1
255 171 1
171 266 1
266 171 1
171 743 1
743 171 1
172 173 1
173 172 1
172 267 1
267 172 1
172 743 1
743 172 1
173 174 1
174 173 1
173 282 1
282 173 1
173 743 1
743 173 1
174 283 1
283 174 1
174 410 1
410 174 1
174 743 1
743 174 1
175 176 1
176 175 1
175 370 1
370 175 1
175 744 1
744 175 1
176 177 1
177 176 1
176 373 1
373 176 1
176 744 1
744 176 1
177 178 1
178 177 1
177 391 1
391 177 1
177 744 1
744 177 1
178 394 1
394 178 1
178 416 1
416 178 1
178 744 1
744 178 1
179 180 1
180 179 1
179 183 1
183 179 1
179 240 1
240 179 1
179 745 1
745 179 1
180 181 1
181 180 1
180 184 1
184 180 1
180 241 1
241 180 1
180 745 1
745 180 1
181 182 1
182 181 1
181 185 1
185 181 1
181 254 1
254 181 1
181 745 1
745 181 1
182 186 1
186 182 1
182 255 1
255 182 1
182 745 1
745 182 1
183 184 1
184 183 1
183 746 1
746 183 1
184 185 1
185 184 1
184 746 1
746 184 1
185 186 1
186 185 1
185 746 1
746 185 1
186 236 1
236 186 1
186 746 1
746 186 1
187 188 1
188 187 1
187 328 1
328 187 1
187 747 1
747 187 1
188 189 1
189 188 1
188 329 1
329 188 1
188 747 1
747 188 1
189 190 1
190 189 1
189 338 1
338 189 1
189 747 1
747 189 1
190 339 1
339 190 1
190 350 1
350 190 1
190 747 1
747 190 1
191 192 1
192 191 1
191 312 1
312 191 1
191 314 1
314 191 1
191 328 1
328 191 1
191 748 1
748 191 1
192 193 1
193 192 1
192 316 1
316 192 1
192 329 1
329 192 1
192 748 1
748 192 1
193 194 1
194 193 1
193 322 1
322 193 1
193 338 1
338 193 1
193 748 1
748 193 1
194 324 1
324 194 1
194 334 1
334 194 1
194 339 1
339 194 1
194 748 1
748 194 1
195 196 1
196 195 1
195 222 1
222 195 1
195 278 1
278 195 1
195 299 1
299 195 1
195 749 1
749 195 1
196 197 1
197 196 1
196 280 1
280 196 1
196 301 1
301 196 1
196 749 1
749 196 1
197 198 1
198 197 1
197 290 1
290 197 1
197 311 1
311 197 1
197 749 1
749 197 1
198 294 1
294 198 1
198 313 1
313 198 1
198 315 1
315 198 1
198 749 1
749 198 1
199 200 1
200 199 1
199 226 1
226 199 1
199 256 1
256 199 1
199 278 1
278 199 1
199 750 1
750 199 1
200 201 1
201 200 1
200 257 1
257 200 1
200 280 1
280 200 1
200 750 1
750 200 1
201 202 1
202 201 1
201 270 1
270 201 1
201 290 1
290 201 1
201 750 1
750 201 1
202 273 1
273 202 1
202 288 1
288 202 1
202 294 1
294 202 1
202 750 1
750 202 1
203 204 1
204 203 1
203 237 1
237 203 1
203 243 1
243 203 1
203 248 1
248 203 1
203 751 1
751 203 1
204 205 1
205 204 1
204 238 1
238 204 1
204 250 1
250 204 1
204 751 1
751 204 1
205 206 1
206 205 1
205 251 1
251 205 1
205 262 1
262 205 1
205 751 1
751 205 1
206 253 1
253 206 1
206 264 1
264 206 1
206 268 1
268 206 1
206 751 1
751 206 1
207 208 1
208 207 1
207 237 1
237 207 1
207 752 1
752 207 1
208 209 1
209 208 1
208 238 1
238 208 1
208 752 1
752 208 1
209 210 1
210 209 1
209 251 1
251 209 1
209 752 1
752 209 1
210 249 1
249 210 1
210 253 1
253 210 1
210 752 1
752 210 1
211 212 1
212 211 1
211 298 1
298 211 1
211 753 1
753 211 1
212 213 1
213 212 1
212 300 1
300 212 1
212 753 1
753 212 1
213 214 1
214 213 1
213 310 1
310 213 1
213 753 1
753 213 1
214 312 1
312 214 1
214 328 1
328 214 1
214 753 1
753 214 1
215 216 1
216 215 1
215 219 1
219 215 1
215 298 1
298 215 1
215 754 1
754 215 1
216 217 1
217 216 1
216 220 1
220 216 1
216 300 1
300 216 1
216 754 1
754 216 1
217 218 1
218 217 1
217 221 1
221 217 1
217 310 1
310 217 1
217 754 1
754 217 1
218 222 1
222 218 1
218 312 1
312 218 1
218 314 1
314 218 1
218 754 1
754 218 1
219 220 1
220 219 1
219 223 1
223 219 1
219 755 1
755 219 1
220 221 1
221 220 1
220 224 1
224 220 1
220 755 1
755 220 1
221 222 1
222 221 1
221 269 1
269 221 1
221 755 1
755 221 1
222 272 1
272 222 1
222 755 1
755 222 1
223 224 1
224 223 1
223 227 1
227 223 1
223 756 1
756 223 1
224 225 1
225 224 1
224 228 1
228 224 1
224 756 1
756 224 1
225 226 1
226 225 1
225 246 1
246 225 1
225 269 1
269 225 1
225 756 1
756 225 1
226 247 1
247 226 1
226 272 1
272 226 1
226 756 1
756 226 1
227 228 1
228 227 1
227 234 1
234 227 1
227 757 1
757 227 1
228 229 1
229 228 1
228 235 1
235 228 1
228 757 1
757 228 1
229 230 1
230 229 1
229 242 1
242 229 1
229 246 1
246 229 1
229 757 1
757 229 1
230 243 1
243 230 1
230 247 1
247 230 1
230 248 1
248 230 1
230 757 1
757 230 1
231 232 1
232 231 1
231 715 1
715 231 1
232 233 1
233 232 1
232 421 1
421 232 1
232 541 1
541 232 1
232 715 1
715 232 1
233 426 1
426 233 1
233 551 1
551 233 1
233 715 1
715 233 1
234 235 1
235 234 1
235 242 1
242 235 1
236 239 1
239 236 1
236 397 1
397 236 1
237 238 1
238 237 1
238 251 1
251 238 1
239 407 1
407 239 1
240 241 1
241 240 1
240 244 1
244 240 1
241 245 1
245 241 1
241 254 1
254 241 1
242 243 1
243 242 1
244 245 1
245 244 1
244 249 1
249 244 1
245 252 1
252 245 1
245 260 1
260 245 1
246 247 1
247 246 1
247 256 1
256 247 1
248 250 1
250 248 1
248 256 1
256 248 1
249 252 1
252 249 1
249 258 1
258 249 1
250 257 1
257 250 1
250 262 1
262 250 1
251 253 1
253 251 1
252 259 1
259 252 1
252 263 1
263 252 1
253 258 1
258 253 1
254 255 1
255 254 1
254 260 1
260 254 1
255 261 1
261 255 1
256 257 1
257 256 1
257 270 1
270 257 1
258 259 1
259 258 1
258 268 1
268 258 1
259 271 1
271 259 1
259 275 1
275 259 1
260 261 1
261 260 1
260 263 1
263 260 1
261 265 1
265 261 1
261 266 1
266 261 1
262 264 1
264 262 1
262 270 1
270 262 1
263 265 1
265 263 1
263 275 1
275 263 1
264 273 1
273 264 1
265 274 1
274 265 1
265 277 1
277 265 1
266 267 1
267 266 1
266 274 1
274 266 1
267 276 1
276 267 1
267 282 1
282 267 1
268 271 1
271 268 1
268 279 1
279 268 1
269 272 1
272 269 1
270 273 1
273 270 1
271 281 1
281 271 1
271 284 1
284 271 1
272 278 1
278 272 1
273 279 1
279 273 1
274 276 1
276 274 1
275 277 1
277 275 1
275 284 1
284 275 1
276 286 1
286 276 1
277 285 1
285 277 1
278 280 1
280 278 1
279 281 1
281 279 1
279 288 1
288 279 1
280 290 1
290 280 1
281 291 1
291 281 1
281 292 1
292 281 1
282 283 1
283 282 1
282 286 1
286 282 1
283 287 1
287 283 1
284 285 1
285 284 1
284 292 1
292 284 1
285 289 1
289 285 1
285 295 1
295 285 1
286 287 1
287 286 1
288 291 1
291 288 1
288 296 1
296 288 1
289 293 1
293 289 1
290 294 1
294 290 1
291 297 1
297 291 1
291 302 1
302 291 1
292 295 1
295 292 1
292 302 1
302 292 1
293 303 1
303 293 1
294 296 1
296 294 1
295 304 1
304 295 1
296 297 1
297 296 1
296 315 1
315 296 1
297 307 1
307 297 1
297 317 1
317 297 1
298 300 1
300 298 1
299 301 1
301 299 1
299 314 1
314 299 1
300 310 1
310 300 1
301 311 1
311 301 1
301 316 1
316 301 1
302 304 1
304 302 1
302 307 1
307 302 1
303 305 1
305 303 1
304 306 1
306 304 1
304 309 1
309 304 1
306 308 1
308 306 1
307 309 1
309 307 1
307 323 1
323 307 1
308 320 1
320 308 1
309 325 1
325 309 1
310 312 1
312 310 1
311 313 1
313 311 1
311 322 1
322 311 1
313 318 1
318 313 1
313 324 1
324 313 1
314 316 1
316 314 1
315 317 1
317 315 1
315 318 1
318 315 1
316 322 1
322 316 1
317 319 1
319 317 1
317 323 1
323 317 1
318 319 1
319 318 1
318 330 1
330 318 1
319 326 1
326 319 1
319 332 1
332 319 1
320 321 1
321 320 1
322 324 1
324 322 1
323 325 1
325 323 1
323 326 1
326 323 1
324 330 1
330 324 1
325 327 1
327 325 1
325 331 1
331 325 1
326 327 1
327 326 1
326 340 1
340 326 1
327 342 1
342 327 1
328 329 1
329 328 1
329 338 1
338 329 1
330 332 1
332 330 1
330 334 1
334 330 1
331 333 1
333 331 1
332 335 1
335 332 1
332 340 1
340 332 1
333 341 1
341 333 1
334 335 1
335 334 1
334 347 1
347 334 1
335 344 1
344 335 1
335 349 1
349 335 1
336 337 1
337 336 1
336 351 1
351 336 1
337 346 1
346 337 1
337 353 1
353 337 1
338 339 1
339 338 1
339 347 1
347 339 1
340 342 1
342 340 1
340 344 1
344 340 1
341 343 1
343 341 1
342 345 1
345 342 1
342 351 1
351 342 1
344 345 1
345 344 1
344 356 1
356 344 1
345 358 1
358 345 1
346 348 1
348 346 1
346 361 1
361 346 1
347 349 1
349 347 1
347 350 1
350 347 1
348 364 1
364 348 1
349 352 1
352 349 1
349 356 1
356 349 1
350 352 1
352 350 1
350 354 1
354 350 1
351 353 1
353 351 1
352 355 1
355 352 1
352 360 1
360 352 1
353 361 1
361 353 1
354 355 1
355 354 1
354 370 1
370 354 1
355 366 1
366 355 1
355 373 1
373 355 1
356 358 1
358 356 1
356 360 1
360 356 1
357 359 1
359 357 1
357 368 1
368 357 1
358 363 1
363 358 1
358 368 1
368 358 1
359 369 1
369 359 1
359 378 1
378 359 1
360 363 1
363 360 1
360 366 1
366 360 1
361 364 1
364 361 1
362 365 1
365 362 1
362 372 1
372 362 1
363 367 1
367 363 1
363 371 1
371 363 1
364 372 1
372 364 1
365 375 1
375 365 1
365 381 1
381 365 1
366 367 1
367 366 1
366 391 1
391 366 1
367 394 1
394 367 1
368 369 1
369 368 1
368 371 1
371 368 1
369 374 1
374 369 1
369 386 1
386 369 1
370 373 1
373 370 1
371 374 1
374 371 1
372 375 1
375 372 1
372 376 1
376 372 1
373 391 1
391 373 1
374 392 1
392 374 1
375 377 1
377 375 1
375 393 1
393 375 1
376 377 1
377 376 1
376 387 1
387 376 1
377 390 1
390 377 1
377 398 1
398 377 1
378 379 1
379 378 1
378 386 1
386 378 1
379 387 1
387 379 1
379 389 1
389 379 1
380 382 1
382 380 1
381 383 1
383 381 1
381 393 1
393 381 1
382 402 1
402 382 1
383 396 1
396 383 1
384 412 1
412 384 1
385 388 1
388 385 1
385 397 1
397 385 1
386 389 1
389 386 1
386 392 1
392 386 1
387 390 1
390 387 1
387 401 1
401 387 1
388 399 1
399 388 1
388 418 1
418 388 1
389 395 1
395 389 1
389 401 1
401 389 1
390 403 1
403 390 1
390 420 1
420 390 1
391 394 1
394 391 1
392 395 1
395 392 1
393 396 1
396 393 1
393 398 1
398 393 1
396 400 1
400 396 1
396 405 1
405 396 1
397 399 1
399 397 1
397 407 1
407 397 1
398 400 1
400 398 1
398 420 1
420 398 1
399 411 1
411 399 1
399 423 1
423 399 1
400 409 1
409 400 1
400 422 1
422 400 1
401 403 1
403 401 1
401 408 1
408 401 1
402 404 1
404 402 1
403 413 1
413 403 1
403 431 1
431 403 1
405 406 1
406 405 1
405 409 1
409 405 1
406 414 1
414 406 1
406 433 1
433 406 1
407 411 1
411 407 1
408 413 1
413 408 1
408 429 1
429 408 1
409 414 1
414 409 1
409 425 1
425 409 1
410 415 1
415 410 1
411 435 1
435 411 1
412 417 1
417 412 1
413 430 1
430 413 1
413 436 1
436 413 1
414 428 1
428 414 1
414 437 1
437 414 1
415 438 1
438 415 1
416 419 1
419 416 1
416 424 1
424 416 1
417 429 1
429 417 1
418 421 1
421 418 1
418 423 1
423 418 1
419 427 1
427 419 1
419 443 1
443 419 1
420 422 1
422 420 1
420 431 1
431 420 1
421 426 1
426 421 1
422 432 1
432 422 1
423 426 1
426 423 1
423 435 1
435 423 1
424 427 1
427 424 1
425 428 1
428 425 1
426 439 1
439 426 1
427 449 1
449 427 1
428 451 1
451 428 1
429 430 1
430 429 1
429 447 1
447 429 1
430 450 1
450 430 1
430 456 1
456 430 1
431 432 1
432 431 1
431 436 1
436 431 1
432 440 1
440 432 1
432 445 1
445 432 1
433 434 1
434 433 1
433 437 1
437 433 1
434 441 1
441 434 1
434 448 1
448 434 1
435 439 1
439 435 1
436 440 1
440 436 1
436 456 1
456 436 1
437 441 1
441 437 1
437 451 1
451 437 1
438 442 1
442 438 1
440 454 1
454 440 1
440 459 1
459 440 1
441 455 1
455 441 1
443 444 1
444 443 1
443 449 1
449 443 1
444 453 1
453 444 1
444 458 1
458 444 1
445 446 1
446 445 1
445 454 1
454 445 1
446 457 1
457 446 1
446 469 1
469 446 1
447 450 1
450 447 1
447 458 1
458 447 1
448 452 1
452 448 1
448 466 1
466 448 1
449 453 1
453 449 1
450 461 1
461 450 1
450 471 1
471 450 1
451 455 1
455 451 1
452 468 1
468 452 1
452 472 1
472 452 1
453 465 1
465 453 1
454 457 1
457 454 1
454 463 1
463 454 1
455 466 1
466 455 1
456 459 1
459 456 1
456 471 1
471 456 1
457 464 1
464 457 1
457 477 1
477 457 1
458 460 1
460 458 1
458 461 1
461 458 1
459 474 1
474 459 1
460 462 1
462 460 1
460 465 1
465 460 1
461 462 1
462 461 1
461 479 1
479 461 1
462 467 1
467 462 1
462 480 1
480 462 1
463 464 1
464 463 1
464 484 1
484 464 1
465 467 1
467 465 1
465 486 1
486 465 1
466 468 1
468 466 1
467 490 1
490 467 1
467 491 1
491 467 1
468 493 1
493 468 1
469 470 1
470 469 1
469 477 1
477 469 1
470 478 1
478 470 1
470 483 1
483 470 1
471 474 1
474 471 1
471 479 1
479 471 1
472 475 1
475 472 1
472 493 1
493 472 1
473 476 1
476 473 1
473 489 1
489 473 1
474 481 1
481 474 1
474 487 1
487 474 1
475 489 1
489 475 1
475 496 1
496 475 1
476 494 1
494 476 1
476 502 1
502 476 1
477 478 1
478 477 1
477 484 1
484 477 1
478 488 1
488 478 1
479 480 1
480 479 1
479 481 1
481 479 1
480 482 1
482 480 1
480 491 1
491 480 1
481 482 1
482 481 1
481 497 1
497 481 1
482 495 1
495 482 1
482 498 1
498 482 1
483 485 1
485 483 1
483 501 1
501 483 1
484 488 1
488 484 1
485 503 1
503 485 1
485 505 1
505 485 1
486 490 1
490 486 1
487 492 1
492 487 1
487 497 1
497 487 1
488 501 1
501 488 1
489 494 1
494 489 1
490 509 1
509 490 1
491 495 1
495 491 1
491 509 1
509 491 1
492 499 1
499 492 1
492 510 1
510 492 1
493 496 1
496 493 1
494 511 1
511 494 1
495 512 1
512 495 1
497 498 1
498 497 1
497 499 1
499 497 1
498 500 1
500 498 1
499 500 1
500 499 1
499 515 1
515 499 1
500 516 1
516 500 1
501 503 1
503 501 1
502 504 1
504 502 1
502 511 1
511 502 1
503 520 1
520 503 1
504 514 1
514 504 1
505 507 1
507 505 1
505 520 1
520 505 1
506 508 1
508 506 1
506 519 1
519 506 1
507 519 1
519 507 1
507 522 1
522 507 1
508 521 1
521 508 1
508 526 1
526 508 1
509 512 1
512 509 1
510 513 1
513 510 1
510 515 1
515 510 1
511 514 1
514 511 1
513 517 1
517 513 1
514 545 1
545 514 1
515 516 1
516 515 1
515 517 1
517 515 1
516 518 1
518 516 1
517 518 1
518 517 1
517 523 1
523 517 1
518 524 1
524 518 1
519 521 1
521 519 1
520 522 1
522 520 1
521 531 1
531 521 1
523 524 1
524 523 1
523 525 1
525 523 1
524 527 1
527 524 1
525 527 1
527 525 1
525 533 1
533 525 1
526 528 1
528 526 1
526 531 1
531 526 1
527 534 1
534 527 1
528 532 1
532 528 1
529 530 1
530 529 1
529 538 1
538 529 1
530 537 1
537 530 1
530 540 1
540 530 1
531 532 1
532 531 1
532 553 1
553 532 1
533 534 1
534 533 1
533 535 1
535 533 1
534 536 1
536 534 1
535 536 1
536 535 1
535 538 1
538 535 1
537 539 1
539 537 1
537 543 1
543 537 1
538 540 1
540 538 1
539 544 1
544 539 1
540 543 1
543 540 1
541 542 1
542 541 1
541 580 1
580 541 1
542 547 1
547 542 1
542 581 1
581 542 1
543 544 1
544 543 1
544 561 1
561 544 1
545 546 1
546 545 1
545 553 1
553 545 1
546 549 1
549 546 1
546 554 1
554 546 1
547 548 1
548 547 1
549 550 1
550 549 1
549 557 1
557 549 1
550 558 1
558 550 1
550 559 1
559 550 1
551 552 1
552 551 1
551 555 1
555 551 1
552 556 1
556 552 1
553 554 1
554 553 1
553 561 1
561 553 1
554 557 1
557 554 1
554 562 1
562 554 1
555 556 1
556 555 1
556 565 1
565 556 1
557 558 1
558 557 1
557 567 1
567 557 1
558 563 1
563 558 1
558 568 1
568 558 1
559 560 1
560 559 1
559 563 1
563 559 1
560 564 1
564 560 1
560 571 1
571 560 1
561 562 1
562 561 1
562 567 1
567 562 1
563 564 1
564 563 1
563 572 1
572 563 1
564 573 1
573 564 1
564 574 1
574 564 1
565 566 1
566 565 1
566 569 1
569 566 1
567 568 1
568 567 1
568 572 1
572 568 1
569 570 1
570 569 1
571 574 1
574 571 1
571 580 1
580 571 1
572 573 1
573 572 1
573 577 1
577 573 1
574 620 1
620 574 1
575 576 1
576 575 1
575 582 1
582 575 1
576 578 1
578 576 1
576 584 1
584 576 1
577 644 1
644 577 1
578 579 1
579 578 1
578 590 1
590 578 1
579 583 1
583 579 1
579 591 1
591 579 1
580 581 1
581 580 1
581 604 1
604 581 1
582 584 1
584 582 1
582 586 1
586 582 1
583 585 1
585 583 1
583 592 1
592 583 1
584 587 1
587 584 1
584 590 1
590 584 1
585 593 1
593 585 1
586 587 1
587 586 1
587 594 1
594 587 1
588 589 1
589 588 1
589 596 1
596 589 1
590 591 1
591 590 1
590 594 1
594 590 1
591 592 1
592 591 1
591 595 1
595 591 1
592 593 1
593 592 1
592 598 1
598 592 1
593 603 1
603 593 1
594 595 1
595 594 1
595 598 1
598 595 1
596 597 1
597 596 1
598 610 1
610 598 1
599 600 1
600 599 1
601 602 1
602 601 1
602 608 1
608 602 1
604 605 1
605 604 1
604 620 1
620 604 1
605 613 1
613 605 1
605 621 1
621 605 1
606 607 1
607 606 1
607 616 1
616 607 1
608 609 1
609 608 1
610 611 1
611 610 1
610 617 1
617 610 1
611 619 1
619 611 1
611 626 1
626 611 1
612 614 1
614 612 1
613 615 1
615 613 1
613 632 1
632 613 1
614 628 1
628 614 1
615 622 1
622 615 1
615 633 1
633 615 1
616 618 1
618 616 1
617 619 1
619 617 1
619 630 1
630 619 1
620 621 1
621 620 1
620 644 1
644 620 1
621 632 1
632 621 1
621 645 1
645 621 1
622 623 1
623 622 1
623 634 1
634 623 1
624 625 1
625 624 1
625 636 1
636 625 1
626 627 1
627 626 1
626 630 1
630 626 1
627 631 1
631 627 1
628 629 1
629 628 1
630 631 1
631 630 1
632 633 1
633 632 1
632 650 1
650 632 1
633 638 1
638 633 1
633 651 1
651 633 1
634 635 1
635 634 1
635 640 1
640 635 1
636 637 1
637 636 1
637 642 1
642 637 1
638 639 1
639 638 1
639 646 1
646 639 1
640 641 1
641 640 1
641 648 1
648 641 1
642 643 1
643 642 1
644 645 1
645 644 1
645 650 1
650 645 1
646 647 1
647 646 1
647 652 1
652 647 1
648 649 1
649 648 1
649 654 1
654 649 1
650 651 1
651 650 1
651 656 1
656 651 1
652 653 1
653 652 1
653 658 1
658 653 1
654 655 1
655 654 1
654 664 1
664 654 1
655 660 1
660 655 1
655 665 1
665 655 1
656 657 1
657 656 1
657 662 1
662 657 1
658 659 1
659 658 1
659 664 1
664 659 1
660 661 1
661 660 1
660 670 1
670 660 1
661 666 1
666 661 1
661 671 1
671 661 1
662 663 1
663 662 1
663 668 1
668 663 1
664 665 1
665 664 1
664 680 1
680 664 1
665 670 1
670 665 1
665 681 1
681 665 1
666 667 1
667 666 1
666 676 1
676 666 1
667 672 1
672 667 1
667 677 1
677 667 1
668 669 1
669 668 1
669 674 1
674 669 1
670 671 1
671 670 1
670 686 1
686 670 1
671 676 1
676 671 1
671 687 1
687 671 1
672 673 1
673 672 1
672 682 1
682 672 1
673 678 1
678 673 1
673 683 1
683 673 1
674 675 1
675 674 1
675 680 1
680 675 1
676 677 1
677 676 1
676 690 1
690 676 1
677 682 1
682 677 1
677 691 1
691 677 1
678 679 1
679 678 1
678 688 1
688 678 1
679 684 1
684 679 1
679 689 1
689 679 1
680 681 1
681 680 1
681 686 1
686 681 1
682 683 1
683 682 1
682 694 1
694 682 1
683 688 1
688 683 1
683 695 1
695 683 1
684 685 1
685 684 1
684 692 1
692 684 1
685 693 1
693 685 1
686 687 1
687 686 1
687 690 1
690 687 1
688 689 1
689 688 1
688 696 1
696 688 1
689 692 1
692 689 1
689 697 1
697 689 1
690 691 1
691 690 1
691 694 1
694 691 1
692 693 1
693 692 1
692 698 1
698 692 1
693 699 1
699 693 1
694 695 1
695 694 1
695 696 1
696 695 1
696 697 1
697 696 1
697 698 1
698 697 1
698 699 1
699 698 1
S 29
753 747 754 748 755 756 744 749 757 737 736 750 735 701 738 751 739 734 752 732 733 740 730 741 727 729 731 728 742
T 29
745 725 724 726 746 723 743 722 719 720 721 716 717 718 715 714 713 712 711 707 708 710 709 704 705 706 703 700 702
