1 arquivo(s) encontrados em inputs

================================================================================
Arquivo: hc9u.txt
================================================================================

[hc9u.txt] ===== R = 1 =====
[hc9u.txt | R=1] A^R = 4608
Set parameter Username
Academic license - for non-commercial use only - expires 2026-08-17
Set parameter OutputFlag to value 1
Set parameter TimeLimit to value 3600
Gurobi Optimizer version 12.0.3 build v12.0.3rc0 (linux64 - "Linux Mint 22.1")

CPU model: 13th Gen Intel(R) Core(TM) i5-13420H, instruction set [SSE2|AVX|AVX2]
Thread count: 12 physical cores, 12 logical processors, using up to 12 threads

Non-default parameters:
TimeLimit  3600

Optimize a model with 1536 rows, 5120 columns and 19456 nonzeros
Model fingerprint: 0x75fa132e
Variable types: 0 continuous, 5120 integer (512 binary)
Coefficient statistics:
  Matrix range     [1e+00, 1e+02]
  Objective range  [1e+00, 1e+00]
  Bounds range     [1e+00, 1e+00]
  RHS range        [1e+00, 1e+00]
Presolve time: 0.02s
Presolved: 1536 rows, 5120 columns, 19456 nonzeros
Variable types: 0 continuous, 5120 integer (512 binary)

Root relaxation: objective 1.000000e+00, 2985 iterations, 0.04 seconds (0.06 work units)

    Nodes    |    Current Node    |     Objective Bounds      |     Work
 Expl Unexpl |  Obj  Depth IntInf | Incumbent    BestBd   Gap | It/Node Time

     0     0    1.00000    0   68          -    1.00000      -     -    0s
H    0     0                      68.0000000    1.00000  98.5%     -    0s
H    0     0                      67.0000000    1.00000  98.5%     -    0s
H    0     0                      66.0000000    1.00000  98.5%     -    0s
H    0     0                      65.0000000    1.00000  98.5%     -    0s
H    0     0                      61.0000000    1.00000  98.4%     -    0s
H    0     0                      60.0000000    1.00000  98.3%     -    0s
     0     0    8.48957    0  593   60.00000    8.48957  85.9%     -    0s
H    0     0                      59.0000000    8.48971  85.6%     -    0s
H    0     0                      58.0000000    8.48971  85.4%     -    0s
H    0     0                      57.0000000    8.48971  85.1%     -    0s
H    0     0                      56.0000000    8.48971  84.8%     -    0s
     0     0   18.54672    0  732   56.00000   18.54672  66.9%     -    1s
H    0     0                      55.0000000   21.19729  61.5%     -    2s
H    0     0                      54.0000000   21.19729  60.7%     -    2s
     0     0   21.19729    0  665   54.00000   21.19729  60.7%     -    2s
     0     0   21.23512    0  735   54.00000   21.23512  60.7%     -    2s
     0     0   21.24794    0  729   54.00000   21.24794  60.7%     -    2s
     0     0   23.31662    0  822   54.00000   23.31662  56.8%     -    2s
     0     0   24.34027    0  841   54.00000   24.34027  54.9%     -    3s
H    0     0                      52.0000000   24.56195  52.8%     -    3s
     0     0   24.56195    0  910   52.00000   24.56195  52.8%     -    3s
     0     0   24.66458    0  932   52.00000   24.66458  52.6%     -    4s
     0     0   24.68025    0  945   52.00000   24.68025  52.5%     -    4s
     0     0   25.51998    0  850   52.00000   25.51998  50.9%     -    5s
     0     0   25.69614    0 1096   52.00000   25.69614  50.6%     -    6s
     0     0   25.78371    0 1182   52.00000   25.78371  50.4%     -    6s
     0     0   25.80240    0 1263   52.00000   25.80240  50.4%     -    7s
     0     0   26.28498    0 1331   52.00000   26.28498  49.5%     -    8s
     0     0   26.53628    0 1398   52.00000   26.53628  49.0%     -   10s
H    0     0                      47.0000000   26.61160  43.4%     -   11s
     0     0   26.61160    0 1464   47.00000   26.61160  43.4%     -   11s
     0     0   26.63659    0 1534   47.00000   26.63659  43.3%     -   12s
     0     0   26.78618    0 1635   47.00000   26.78618  43.0%     -   14s
H    0     0                      46.0000000   26.78644  41.8%     -   14s
     0     0   26.89575    0 1726   46.00000   26.89575  41.5%     -   17s
     0     0   26.93569    0 1811   46.00000   26.93569  41.4%     -   18s
     0     0   26.94225    0 1890   46.00000   26.94225  41.4%     -   19s
     0     0   27.06530    0 1889   46.00000   27.06530  41.2%     -   22s
     0     0   27.06541    0 1873   46.00000   27.06541  41.2%     -   22s
     0     2   27.06541    0 1863   46.00000   27.06541  41.2%     -   26s
     3     8   27.18724    2 1833   46.00000   27.14891  41.0%  5711   30s
     7    15   27.77927    3 1992   46.00000   27.18731  40.9%  7690   39s
    14    27   28.30625    4 2067   46.00000   27.18731  40.9%  7902   47s
    26    40   28.32534    5 1967   46.00000   27.18731  40.9%  7405   59s
H   30    40                      45.0000000   27.18731  39.6%  7100   59s
    39    59   28.39713    6 1865   45.00000   27.18731  39.6%  7262   70s
    58    82   28.65804    6 1831   45.00000   27.18731  39.6%  6738   81s
    81    94   28.81816    7 1788   45.00000   27.18731  39.6%  6444   92s
    93   117   28.48886    8 1842   45.00000   27.18731  39.6%  6216  102s
   116   144   28.57207   10 1793   45.00000   27.18731  39.6%  5903  111s
   143   172   28.62116   13 1707   45.00000   27.18731  39.6%  5521  119s
   171   195   28.68211   15 1639   45.00000   27.18731  39.6%  5218  127s
   194   225   29.07997   17 1616   45.00000   27.18731  39.6%  5050  135s
   224   242   28.89025   20 1704   45.00000   27.18731  39.6%  4880  146s
   241   267   28.92605   21 1667   45.00000   27.18731  39.6%  4861  155s
   266   288   29.05674   23 1627   45.00000   27.18731  39.6%  4834  162s
   287   310   29.20655   23 1588   45.00000   27.18731  39.6%  4753  171s
   309   337   29.14170   24 1625   45.00000   27.18731  39.6%  4720  178s
   336   356   29.20517   25 1601   45.00000   27.18731  39.6%  4709  185s
   355   387   29.38580   26 1577   45.00000   27.18731  39.6%  4674  193s
H  386   410                      44.0000000   27.18731  38.2%  4571  201s
   409   441   29.57985   26 1588   44.00000   27.18731  38.2%  4542  209s
   440   471   29.54587   28 1594   44.00000   27.18731  38.2%  4544  217s
   470   483   29.65470   29 1611   44.00000   27.18731  38.2%  4459  230s
   482   521   29.65611   29 1540   44.00000   27.18731  38.2%  4477  238s
   520   552   29.88011   31 1529   44.00000   27.18731  38.2%  4417  246s
   551   595   29.94929   31 1465   44.00000   27.18731  38.2%  4381  255s
   594   626   30.00130   34 1488   44.00000   27.18731  38.2%  4337  264s
   625   674   30.49544   35 1403   44.00000   27.18731  38.2%  4337  273s
   673   709   30.28225   39 1453   44.00000   27.18731  38.2%  4272  283s
   708   759   30.29826   40 1426   44.00000   27.18731  38.2%  4259  293s
   758   811   30.54737   43 1360   44.00000   27.18731  38.2%  4242  303s
   810   881   30.64332   46 1405   44.00000   27.18731  38.2%  4176  314s
   880   934   30.78796   55 1332   44.00000   27.18731  38.2%  4081  325s
   933  1015   31.20704   57 1233   44.00000   27.18731  38.2%  4077  336s
  1014  1079   31.54047   59 1172   44.00000   27.18731  38.2%  4035  348s
  1078  1179   31.95845   61 1164   44.00000   27.18731  38.2%  3998  360s
  1178  1276   32.39880   64 1143   44.00000   27.18731  38.2%  3954  373s
  1275  1418   32.73355   67 1160   44.00000   27.18731  38.2%  3896  386s
  1417  1430   33.30675   71 1118   44.00000   27.18731  38.2%  3788  411s
  1429  1442   33.65521   71 1081   44.00000   27.18731  38.2%  3784  439s
H 1437  1442                      43.0000000   27.18731  36.8%  3781  439s
  1441  1625   33.41023   72 1130   43.00000   27.18731  36.8%  3781  452s
  1624  1833   34.13168   75 1002   43.00000   27.18731  36.8%  3628  466s
  1832  2059   35.24420   81  993   43.00000   27.18731  36.8%  3432  479s
  2073  2267   36.89543   95  768   43.00000   27.18731  36.8%  3217  491s
  2290  2496   38.16420  110  731   43.00000   27.18731  36.8%  3068  504s
  2530  2674   39.17910  145  513   43.00000   27.18731  36.8%  2911  517s
  2733  2809   39.23935  186  473   43.00000   27.18731  36.8%  2802  530s
  2871  2897   41.29365  227  386   43.00000   27.27008  36.6%  2777  547s
  2971  3019   28.79805    6 1643   43.00000   27.27009  36.6%  2802  561s
  3093  3169   30.71451   10 1459   43.00000   27.27009  36.6%  2816  576s
  3243  3444   31.87163   15 1332   43.00000   27.27009  36.6%  2815  592s
  3529  3664   32.89490   18 1252   43.00000   27.27009  36.6%  2725  609s
  3785  3665   37.13667  104 1873   43.00000   27.27009  36.6%  2648  618s
  3788  3667   34.89781   87 1068   43.00000   27.27009  36.6%  2646  620s
  3791  3669   36.35154   80 1775   43.00000   27.27009  36.6%  2644  626s
  3793  3670   30.38202   35 1988   43.00000   27.39326  36.3%  2642  631s
  3795  3672   38.72134   97 2159   43.00000   27.39326  36.3%  2641  635s
  3799  3674   35.03692  104 2278   43.00000   27.64904  35.7%  2638  640s
  3800  3675   40.61569  152 2248   43.00000   28.01293  34.9%  2638  649s
  3801  3676   31.51959   65 2344   43.00000   28.05802  34.7%  2637  653s
  3802  3676   29.15797   21 2478   43.00000   28.17511  34.5%  2636  659s
  3803  3677   28.95630   16 2566   43.00000   28.31608  34.1%  2635  663s
  3804  3678   29.75072   37 2653   43.00000   28.47802  33.8%  2635  668s
  3805  3678   34.65921   71 2657   43.00000   28.54095  33.6%  2634  670s
  3808  3680   30.09808   32 2750   43.00000   28.57131  33.6%  2632  675s
  3809  3681   33.18209   57 2781   43.00000   28.57214  33.6%  2631  680s
  3810  3682   41.06588  149 2573   43.00000   29.08211  32.4%  2631  690s
  3812  3683   29.44958   34 2694   43.00000   29.14754  32.2%  2629  696s
  3814  3684   31.37300   57 2718   43.00000   29.16034  32.2%  2628  700s
  3817  3686   31.95935   52 2784   43.00000   29.16613  32.2%  2626  709s
  3818  3687   31.61079   18 2441   43.00000   29.76981  30.8%  2625  718s
  3819  3688   32.17837   68 2407   43.00000   30.01894  30.2%  2624  721s
  3821  3689   30.18319    7 2456   43.00000   30.18319  29.8%  2623  727s
  3822  3690   34.89781   87 2533   43.00000   30.20771  29.7%  2622  730s
  3824  3691   31.66015   69 2520   43.00000   30.22936  29.7%  2621  735s
  3827  3693   41.26462  213 2589   43.00000   30.23818  29.7%  2619  740s
  3829  3694   40.12446  130 2587   43.00000   30.24069  29.7%  2618  748s
  3830  3695   35.88059   97 2342   43.00000   30.32708  29.5%  2617  757s
  3831  3696   37.66450   66 2495   43.00000   30.34864  29.4%  2616  760s
  3834  3698   34.61053   50 2566   43.00000   30.36213  29.4%  2614  766s
  3837  3700   36.17177  114 2606   43.00000   30.36630  29.4%  2612  776s
  3838  3700   30.42401   31 2438   43.00000   30.42401  29.2%  2611  788s
  3839  3701   32.46851   75 2469   43.00000   30.43983  29.2%  2611  791s
  3841  3702   36.10262  118 2515   43.00000   30.46035  29.2%  2609  796s
  3843  3704   39.17630  150 2568   43.00000   30.46757  29.1%  2608  801s
  3845  3705   30.47089    8 2562   43.00000   30.47089  29.1%  2607  807s
  3846  3706   32.31382   57 2585   43.00000   30.47165  29.1%  2606  816s
  3847  3706   39.16858  103 2517   43.00000   30.48548  29.1%  2605  826s
  3849  3708   36.08925   96 2520   43.00000   30.49735  29.1%  2604  830s
  3851  3709   40.25225  110 2526   43.00000   30.50790  29.1%  2603  836s
  3853  3710   39.77969  101 2507   43.00000   30.51266  29.0%  2601  842s
  3854  3711   33.18234   57 2543   43.00000   30.51367  29.0%  2601  850s
  3855  3712   30.53027    7 2438   43.00000   30.53027  29.0%  2600  859s
  3856  3712   40.16459  141 2490   43.00000   30.53641  29.0%  2599  861s
  3857  3713   38.91537  104 2532   43.00000   30.53872  29.0%  2599  865s
  3860  3715   33.09120   20 2573   43.00000   30.54193  29.0%  2597  877s
  3861  3716   34.42606   78 2480   43.00000   30.55171  28.9%  2596  886s
  3863  3717   30.56273   12 2512   43.00000   30.56273  28.9%  2595  892s
  3864  3718   33.65455   78 2506   43.00000   30.56489  28.9%  2594  895s
  3866  3719   39.77921  101 2574   43.00000   30.56679  28.9%  2593  904s
  3867  3720   30.63481   46 2419   43.00000   30.58096  28.9%  2592  914s
  3868  3720   39.37145  133 2441   43.00000   30.58632  28.9%  2591  916s
  3870  3722   31.65065   57 2517   43.00000   30.58953  28.9%  2590  925s
  3871  3722   36.46341   84 2430   43.00000   30.59454  28.8%  2589  936s
  3873  3724   34.60797   36 2541   43.00000   30.59824  28.8%  2588  940s
  3874  3724   30.59855   14 2594   43.00000   30.59855  28.8%  2587  950s
  3875  3725   30.60098   15 2441   43.00000   30.60098  28.8%  2587  959s
  3876  3726   30.60261   20 2495   43.00000   30.60261  28.8%  2586  961s
  3877  3726   33.39508   63 2566   43.00000   30.60340  28.8%  2585  968s
  3878  3727   40.36213  127 2478   43.00000   30.60666  28.8%  2585  978s
  3879  3728   35.63248  101 2458   43.00000   30.61053  28.8%  2584  982s
  3881  3729   31.28263   67 2439   43.00000   30.61380  28.8%  2583  986s
  3882  3730   40.32613   80 2451   43.00000   30.61444  28.8%  2582  992s
  3883  3730   30.61551   34 2426   43.00000   30.61551  28.8%  2581 1001s
  3890  3737   30.61551   28 1612   43.00000   30.61551  28.8%  2688 1005s
  3893  3739   30.61551   35 1741   43.00000   30.61551  28.8%  2686 1011s
  3895  3740   38.72134   97 1911   43.00000   30.61553  28.8%  2684 1016s
  3897  3741   31.82564   51 2032   43.00000   30.62227  28.8%  2683 1023s
  3898  3742   31.25729   52 2046   43.00000   30.62227  28.8%  2682 1025s
  3900  3743   40.61569  152 2158   43.00000   30.62227  28.8%  2681 1031s
  3902  3745   30.62227   21 2252   43.00000   30.62227  28.8%  2679 1035s
  3903  3745   30.62227   16 2258   43.00000   30.62227  28.8%  2679 1041s
  3904  3746   30.62227   37 2369   43.00000   30.62227  28.8%  2678 1048s
  3905  3747   34.65921   71 2392   43.00000   30.62227  28.8%  2677 1050s
  3907  3748   30.62227   49 2426   43.00000   30.62227  28.8%  2676 1056s
  3908  3749   30.62227   32 2392   43.00000   30.62227  28.8%  2675 1063s
  3909  3749   33.18209   57 2404   43.00000   30.62227  28.8%  2675 1069s
  3910  3750   41.06588  149 2355   43.00000   30.62227  28.8%  2674 1080s
  3911  3751   30.62227   11 2449   43.00000   30.62227  28.8%  2673 1085s
  3912  3751   30.62227   34 2372   43.00000   30.62227  28.8%  2673 1094s
  3913  3752   35.62915   75 2399   43.00000   30.62227  28.8%  2672 1100s
  3914  3753   31.37300   57 2440   43.00000   30.62230  28.8%  2671 1110s
  3916  3754   30.62230   12 2382   43.00000   30.62230  28.8%  2670 1120s
  3917  3758   30.63010   27 2175   43.00000   30.62230  28.8%  2706 1129s
  3919  3761   30.63661   28 2234   43.00000   30.63010  28.8%  2708 1138s
  3923  3768   30.66153   29 2306   43.00000   30.63664  28.8%  2714 1155s
  3931  3777   30.68184   30 2463   43.00000   30.66153  28.7%  2726 1176s
  3943  3792   30.83429   31 2376   43.00000   30.68184  28.6%  2754 1206s
  3962  3820   31.44205   33 2166   43.00000   30.68184  28.6%  2785 1232s
  3996  3837   31.58672   36 1741   43.00000   30.68184  28.6%  2817 1249s
  4025  3851   31.83547   40 1729   43.00000   30.68184  28.6%  2853 1267s
  4048  3863   31.93228   42 1650   43.00000   30.68184  28.6%  2873 1283s
  4068  3883   32.04496   44 1685   43.00000   30.68184  28.6%  2891 1299s
  4095  3900   32.11229   47 1725   43.00000   30.68184  28.6%  2914 1314s
  4121  3920   32.13158   52 1657   43.00000   30.68184  28.6%  2925 1328s
  4149  3939   32.19955   57 1658   43.00000   30.68184  28.6%  2935 1340s
  4178  3953   32.35630   58 1557   43.00000   30.68184  28.6%  2943 1353s
  4201  3968   32.49510   59 1549   43.00000   30.68184  28.6%  2956 1363s
  4224  3991   32.67562   61 1514   43.00000   30.68184  28.6%  2971 1376s
  4255  4006   32.49805   67 1520   43.00000   30.68184  28.6%  2987 1387s
  4280  4029   32.60305   68 1547   43.00000   30.68184  28.6%  3003 1399s
  4311  4050   32.64077   69 1469   43.00000   30.68184  28.6%  3020 1413s
  4343  4081   33.60257   70 1541   43.00000   30.68184  28.6%  3035 1425s
  4384  4111   33.27869   73 1476   43.00000   30.68184  28.6%  3048 1438s
  4428  4140   33.09507   77 1443   43.00000   30.68184  28.6%  3062 1454s
  4472  4168   33.13557   82 1408   43.00000   30.68184  28.6%  3077 1469s
  4514  4206   33.17096   87 1389   43.00000   30.68184  28.6%  3086 1481s
  4566  4238   33.37682   92 1310   43.00000   30.68184  28.6%  3096 1494s
  4616  4285   33.66581   93 1253   43.00000   30.68184  28.6%  3103 1508s
  4679  4318   34.03136  101 1304   43.00000   30.68184  28.6%  3107 1521s
  4733  4362   34.18336  104 1242   43.00000   30.68184  28.6%  3114 1534s
  4795  4409   34.36933  110 1185   43.00000   30.68184  28.6%  3123 1550s
  4863  4461   34.46344  114 1169   43.00000   30.68184  28.6%  3129 1564s
  4938  4524   34.66835  124 1101   43.00000   30.68184  28.6%  3130 1580s
  5026  4602   34.85082  130 1057   43.00000   30.68184  28.6%  3125 1595s
  5133  4688   35.39309  139  986   43.00000   30.68184  28.6%  3111 1609s
  5255  4776   35.91831  145  996   43.00000   30.68184  28.6%  3092 1624s
  5383  4867   37.03026  150  873   43.00000   30.68184  28.6%  3066 1638s
  5517  4987   37.74355  157  853   43.00000   30.68184  28.6%  3039 1652s
  5682  5123   38.46709  164  771   43.00000   30.68184  28.6%  2997 1667s
  5875  5279   39.25157  179  675   43.00000   30.68184  28.6%  2941 1682s
  6095  5418   40.23226  189  568   43.00000   30.68188  28.6%  2877 1700s
  6338  5603   30.81266   32 2227   43.00000   30.68188  28.6%  2807 1715s
  6610  5788   31.01427   34 2081   43.00000   30.68188  28.6%  2730 1736s
  6904  5702   31.18742   36 1931   43.00000   30.68188  28.6%  2652 1769s
  6916  5709   31.33056   37 1831   43.00000   30.68188  28.6%  2652 1825s
  6928  5716   31.41687   38 1844   43.00000   30.68188  28.6%  2652 1847s
  6940  5723   31.58001   38 1794   43.00000   30.68188  28.6%  2651 1869s
  6952  5730   31.51435   39 1757   43.00000   30.68188  28.6%  2650 1889s
  6964  5738   31.65677   39 1721   43.00000   30.68188  28.6%  2649 1910s
  6976  5745   31.57975   39 1830   43.00000   30.68188  28.6%  2648 1930s
  6988  5752   31.57115   40 1744   43.00000   30.68188  28.6%  2648 1952s
  7000  5759   31.65801   40 1783   43.00000   30.68188  28.6%  2647 1991s
  7012  5818   31.85615   39 1730   43.00000   30.68188  28.6%  2646 2012s
  7076  5863   31.72618   40 1677   43.00000   30.68188  28.6%  2629 2038s
  7143  6097   31.95486   43 1647   43.00000   30.68188  28.6%  2612 2058s
  7401  6409   32.20611   46 1546   43.00000   30.68188  28.6%  2550 2083s
  7808  6828   32.27948   74 1187   43.00000   30.71754  28.6%  2462 2100s
  8366  7224   32.36887  112  889   43.00000   30.71754  28.6%  2339 2126s
  9007  7562   32.46717  185  540   43.00000   30.71754  28.6%  2206 2140s
  9573  7854   32.74006  264  282   43.00000   30.71754  28.6%  2098 2159s
 10141  7991   37.99465  313  111   43.00000   30.71754  28.6%  2005 2185s
 10551  8057   31.22450   32 1957   43.00000   30.71754  28.6%  1953 2210s
 10774  8220   32.05000   35 1744   43.00000   30.71754  28.6%  1941 2235s
 11036  8473   32.49532   39 1629   43.00000   30.71754  28.6%  1926 2263s
 11385  8708   32.18054   43 1600   43.00000   30.71754  28.6%  1898 2288s
 11763  8749   32.21373   59 1442   43.00000   30.71754  28.6%  1863 2322s
 12013  8822   32.27545   97 1023   43.00000   30.71754  28.6%  1855 2350s
 12181  9016   33.29337  168  663   43.00000   30.71754  28.6%  1860 2379s
 12435  9161   34.48405  299  172   43.00000   30.76007  28.5%  1852 2411s
 12710  9313   31.11808   36 2166   43.00000   30.76007  28.5%  1844 2454s
 13028  9335   31.25905   42 2079   43.00000   30.76007  28.5%  1840 2492s
 13187  9474   31.56826   47 1924   43.00000   30.76007  28.5%  1855 2533s
 13388  9519   32.45346   54 1733   43.00000   30.76007  28.5%  1867 2577s
 13554  9615   33.32622   63 1591   43.00000   30.76007  28.5%  1879 2615s
 13710  9725   35.34133   75 1315   43.00000   30.76007  28.5%  1896 2656s
 13898  9877   37.68482   96 1075   43.00000   30.76203  28.5%  1909 2701s
 14177 10162   31.13065   33 2137   43.00000   30.76203  28.5%  1911 2742s
 14557 10259   32.47903   39 1575   43.00000   30.76203  28.5%  1900 2789s
 14781 10737   34.58772   48 1282   43.00000   30.76203  28.5%  1897 2838s
 15435 10826   40.33434   74  832   43.00000   30.76203  28.5%  1857 2896s
 15717 11203   31.18231   36 1966   43.00000   30.76203  28.5%  1866 2943s
 16094 12074   32.62276   44 1484   43.00000   30.76203  28.5%  1864 3003s
 17031 12731   37.60305   69  694   43.00000   30.76203  28.5%  1804 3060s
 17783 13195   31.34909   34 1949   43.00000   30.76203  28.5%  1762 3140s
 18303 13718   35.56063   55  940   43.00000   30.80117  28.4%  1766 3254s
 18933 14127   30.87556   35 2151   43.00000   30.80342  28.4%  1768 3364s
 19394 14671   31.62559   41 1880   43.00000   30.80342  28.4%  1784 3485s
H19730 14217                      42.0000000   30.80342  26.7%  1814 3485s
 20011 15150   33.28317   54 1443   42.00000   30.82958  26.6%  1811 3600s

Cutting planes:
  Cover: 74
  MIR: 644
  Flow cover: 5762
  Flow path: 957
  Zero half: 164
  Network: 4
  Relax-and-lift: 13

Explored 21047 nodes (37871436 simplex iterations) in 3600.03 seconds (4343.10 work units)
Thread count was 12 (of 12 available processors)

Solution count 10: 42 43 44 ... 56

Time limit reached
Best objective 4.200000000000e+01, best bound 3.100000000000e+01, gap 26.1905%

User-callback calls 530947, time in user-callback 5.54 sec
[SOLUCAO] salva em resultados_hall/mipstarts/hc9u_R1_mipstart.txt | vertices=42
Série salva em: resultados_hall/base/plots/hc9u.txt__R1__timeseries.csv
Gráfico salvo em: resultados_hall/base/plots/hc9u.txt__R1__lb_ub.png
[hc9u.txt | R=1] Resumo: LS=42.0 | LI=31.0 | gap=0.2619047619047619 | cuts_total=0 | root_lp_final=None | mipstart_used=False

====================================================================================================
Resumo final
====================================================================================================
hc9u.txt: LS=42.0 | LI=31.0 | gap=0.2619047619047619 | root_lp_base=None | root_lp_final=None | cuts_total=0 | mipstart_used=False | nodes=21047

[ok] 1 linha(s) salvas em results/results_base_mipstart.csv
