1 arquivo(s) encontrados em inputs

================================================================================
Arquivo: hc9u.txt
================================================================================

N 512
M 4608
R 1

[hc9u.txt] ===== R = 1.0 =====
Set parameter Username
Academic license - for non-commercial use only - expires 2026-08-17
Set parameter TimeLimit to value 8000
Gurobi Optimizer version 12.0.3 build v12.0.3rc0 (linux64 - "Linux Mint 22.1")

CPU model: 13th Gen Intel(R) Core(TM) i5-13420H, instruction set [SSE2|AVX|AVX2]
Thread count: 12 physical cores, 12 logical processors, using up to 12 threads

Non-default parameters:
TimeLimit  8000

Optimize a model with 1280 rows, 4864 columns and 14336 nonzeros
Model fingerprint: 0x6b9a2e3d
Variable types: 0 continuous, 4864 integer (256 binary)
Coefficient statistics:
  Matrix range     [1e+00, 1e+02]
  Objective range  [1e+00, 1e+00]
  Bounds range     [1e+00, 1e+00]
  RHS range        [1e+00, 1e+00]
Presolve removed 280 rows and 2321 columns
Presolve time: 0.01s
Presolved: 1000 rows, 2543 columns, 7318 nonzeros
Variable types: 0 continuous, 2543 integer (2543 binary)

Root relaxation: objective 3.200000e+01, 2156 iterations, 0.02 seconds (0.02 work units)

    Nodes    |    Current Node    |     Objective Bounds      |     Work
 Expl Unexpl |  Obj  Depth IntInf | Incumbent    BestBd   Gap | It/Node Time

     0     0   32.00000    0   55          -   32.00000      -     -    0s
H    0     0                      58.0000000   32.00000  44.8%     -    0s
H    0     0                      57.0000000   32.00000  43.9%     -    0s
H    0     0                      56.0000000   32.00000  42.9%     -    0s
H    0     0                      54.0000000   32.00000  40.7%     -    0s
     0     0   32.00000    0  398   54.00000   32.00000  40.7%     -    0s
H    0     0                      53.0000000   32.00000  39.6%     -    0s
     0     0   32.00000    0  360   53.00000   32.00000  39.6%     -    0s
H    0     0                      52.0000000   32.00000  38.5%     -    0s
     0     0   32.00000    0  252   52.00000   32.00000  38.5%     -    0s
     0     0   32.00000    0  254   52.00000   32.00000  38.5%     -    0s
H    0     0                      51.0000000   32.06214  37.1%     -    1s
H    0     0                      50.0000000   32.06214  35.9%     -    1s
H    0     0                      48.0000000   32.06214  33.2%     -    1s
     0     0   32.06214    0  492   48.00000   32.06214  33.2%     -    1s
     0     0   32.11472    0  662   48.00000   32.11472  33.1%     -    1s
H    0     0                      47.0000000   32.34130  31.2%     -    1s
     0     0   32.34130    0  777   47.00000   32.34130  31.2%     -    1s
     0     0   32.39914    0  803   47.00000   32.39914  31.1%     -    1s
     0     0   32.42583    0  857   47.00000   32.42583  31.0%     -    1s
     0     0   32.44865    0  897   47.00000   32.44865  31.0%     -    2s
     0     0   32.46132    0  902   47.00000   32.46132  30.9%     -    2s
     0     0   32.46714    0  900   47.00000   32.46714  30.9%     -    2s
     0     0   32.46994    0  932   47.00000   32.46994  30.9%     -    2s
     0     0   32.47059    0  934   47.00000   32.47059  30.9%     -    2s
     0     0   32.47068    0  934   47.00000   32.47068  30.9%     -    2s
     0     0   32.67159    0 1020   47.00000   32.67159  30.5%     -    3s
     0     0   32.72131    0 1015   47.00000   32.72131  30.4%     -    3s
     0     0   32.74811    0  997   47.00000   32.74811  30.3%     -    3s
     0     0   32.76619    0 1038   47.00000   32.76619  30.3%     -    3s
     0     0   32.77568    0 1095   47.00000   32.77568  30.3%     -    4s
     0     0   32.77980    0 1087   47.00000   32.77980  30.3%     -    4s
     0     0   32.78173    0 1071   47.00000   32.78173  30.3%     -    4s
     0     0   32.78344    0 1115   47.00000   32.78344  30.2%     -    4s
     0     0   32.78540    0 1097   47.00000   32.78540  30.2%     -    4s
     0     0   32.78661    0 1128   47.00000   32.78661  30.2%     -    4s
     0     0   32.78695    0 1146   47.00000   32.78695  30.2%     -    4s
H    0     0                      46.0000000   32.93085  28.4%     -    4s
H    0     0                      45.0000000   32.93085  26.8%     -    4s
     0     0   32.93085    0 1077   45.00000   32.93085  26.8%     -    4s
     0     0   32.97594    0 1140   45.00000   32.97594  26.7%     -    4s
     0     0   33.00526    0 1183   45.00000   33.00526  26.7%     -    4s
     0     0   33.01016    0 1198   45.00000   33.01016  26.6%     -    4s
     0     0   33.01449    0 1180   45.00000   33.01449  26.6%     -    4s
     0     0   33.01768    0 1207   45.00000   33.01768  26.6%     -    4s
     0     0   33.01848    0 1200   45.00000   33.01848  26.6%     -    4s
     0     0   33.11368    0 1205   45.00000   33.11368  26.4%     -    5s
     0     0   33.15984    0 1220   45.00000   33.15984  26.3%     -    5s
     0     0   33.18198    0 1243   45.00000   33.18198  26.3%     -    5s
     0     0   33.18653    0 1250   45.00000   33.18653  26.3%     -    5s
     0     0   33.18926    0 1272   45.00000   33.18926  26.2%     -    5s
     0     0   33.19147    0 1261   45.00000   33.19147  26.2%     -    5s
     0     0   33.19185    0 1263   45.00000   33.19185  26.2%     -    5s
     0     0   33.24000    0 1274   45.00000   33.24000  26.1%     -    5s
H    0     0                      44.0000000   33.24000  24.5%     -    5s
     0     0   33.27794    0 1322   44.00000   33.27794  24.4%     -    5s
     0     0   33.29145    0 1302   44.00000   33.29145  24.3%     -    5s
     0     0   33.29565    0 1300   44.00000   33.29565  24.3%     -    5s
     0     0   33.29704    0 1344   44.00000   33.29704  24.3%     -    5s
     0     0   33.31670    0 1277   44.00000   33.31670  24.3%     -    6s
     0     0   33.32346    0 1313   44.00000   33.32346  24.3%     -    6s
     0     0   33.32745    0 1333   44.00000   33.32745  24.3%     -    6s
     0     0   33.33105    0 1340   44.00000   33.33105  24.2%     -    6s
     0     0   33.33421    0 1322   44.00000   33.33421  24.2%     -    6s
     0     0   33.33565    0 1343   44.00000   33.33565  24.2%     -    6s
     0     0   33.34750    0 1352   44.00000   33.34750  24.2%     -    6s
     0     0   33.35288    0 1376   44.00000   33.35288  24.2%     -    6s
     0     0   33.35570    0 1401   44.00000   33.35570  24.2%     -    6s
     0     0   33.35681    0 1383   44.00000   33.35681  24.2%     -    6s
     0     0   33.36112    0 1373   44.00000   33.36112  24.2%     -    6s
     0     0   33.36112    0 1357   44.00000   33.36112  24.2%     -    6s
     0     2   33.36113    0 1349   44.00000   33.36113  24.2%     -    7s
    27    40   33.61066    5 1391   44.00000   33.54385  23.8%  1354   10s
H   70    76                      43.0000000   33.54385  22.0%   877   10s
H  186   195                      42.0000000   33.54385  20.1%   687   13s
   226   241   33.99174   17 1268   42.00000   33.54385  20.1%   690   15s
   487   513   34.60534   32 1182   42.00000   33.54385  20.1%   616   20s
   724   772   35.14950   41 1065   42.00000   33.54385  20.1%   587   25s
  1134  1223   36.38836   56  738   42.00000   33.54385  20.1%   516   30s
  1846  1922   38.41450   80  733   42.00000   33.54385  20.1%   436   35s
  2379  2417   34.27241    8 1131   42.00000   33.54385  20.1%   419   40s
  2897  2940   36.21713   26  787   42.00000   33.56808  20.1%   418   45s
H 3374  3040                      41.0000000   33.56808  18.1%   402   47s
  3456  3018   39.91668  107  907   41.00000   33.56808  18.1%   397   50s
  3482  3035   35.82956   28 1386   41.00000   33.56808  18.1%   395   55s
H 3482  2882                      40.0000000   33.56808  16.1%   395   55s
  3497  2892   38.60279   65 1436   40.00000   33.69602  15.8%   393   60s
  3622  2997   34.06129   24 1307   40.00000   33.69602  15.8%   406   65s
  3987  3243   35.65494   37  910   40.00000   33.69602  15.8%   411   70s
  4780  3831   36.97431   68  631   40.00000   33.69602  15.8%   391   75s
  5627  4194   33.90255   23 1232   40.00000   33.69602  15.8%   370   80s
* 5816  3827             106      39.0000000   33.69602  13.6%   368   81s
  6380  4117   37.85155   93  882   39.00000   33.69602  13.6%   360   85s
  7205  4526   34.26438   25 1143   39.00000   33.70825  13.6%   354   90s
  7761  4727   35.55692   36  907   39.00000   33.70825  13.6%   351   95s
  8288  5134   36.18369   47 1065   39.00000   33.70825  13.6%   349  100s
  9119  5580   37.00417   57  863   39.00000   33.90701  13.1%   344  106s
  9905  5974   34.48669   25 1100   39.00000   33.94238  13.0%   340  111s
 10460  6241   34.17729   25 1365   39.00000   33.94238  13.0%   339  115s
 11263  6420   34.45402   25 1155   39.00000   33.94238  13.0%   339  121s
 11388  6545   34.57295   27 1126   39.00000   33.94238  13.0%   339  126s
 11697  6907   35.36201   41 1123   39.00000   33.94238  13.0%   341  131s
 12347  7271   34.81896   38 1194   39.00000   34.02923  12.7%   342  136s
 12446  7434   35.06577   43 1198   39.00000   34.02923  12.7%   342  141s
 12928  8086   35.68205   55 1107   39.00000   34.02923  12.7%   342  147s
 13346  8457   34.30182   27 1261   39.00000   34.04428  12.7%   341  150s
 14277  9057   34.31493   26 1298   39.00000   34.07011  12.6%   340  157s
 14654  9352   35.26869   35 1022   39.00000   34.07011  12.6%   342  161s
 15495 10210   35.00151   30 1120   39.00000   34.09703  12.6%   345  168s
 16018 10611   36.05123   41 1006   39.00000   34.09703  12.6%   345  172s
 16529 11030   37.28683   56  821   39.00000   34.09703  12.6%   344  176s
 17038 11490   35.35425   29 1022   39.00000   34.10928  12.5%   345  180s
 18201 12435   34.85330   27 1213   39.00000   34.15350  12.4%   345  189s
 18789 12931   35.19615   32 1117   39.00000   34.17025  12.4%   346  194s
 19450 13221   37.90050   49  836   39.00000   34.17139  12.4%   346  200s
 19882 13790   36.64198   39  750   39.00000   34.18491  12.3%   346  207s
 20672 14498   35.01466   31 1200   39.00000   34.19531  12.3%   345  213s
 21522 15155   35.82497   37 1174   39.00000   34.21205  12.3%   344  219s
 22316 15787   37.30365   52  886   39.00000   34.22586  12.2%   344  225s
 23166 16400   35.57568   26 1147   39.00000   34.23612  12.2%   344  231s
 23999 16972   34.97318   29 1180   39.00000   34.26448  12.1%   345  238s
 24687 17657   35.43557   33 1076   39.00000   34.27588  12.1%   345  245s
 25543 18404   37.41353   58 1027   39.00000   34.28305  12.1%   347  253s
 26555 19098   37.67414   48  881   39.00000   34.28836  12.1%   346  260s
 27467 19981   35.41520   34 1015   39.00000   34.31015  12.0%   347  268s
 28495 20870   34.88713   26 1171   39.00000   34.31015  12.0%   348  276s
 29588 21701   37.34214   68  979   39.00000   34.32640  12.0%   348  285s
 30679 22598   34.99878   35 1191   39.00000   34.34091  11.9%   348  293s
 31863 23396   35.04944   30 1190   39.00000   34.36583  11.9%   348  303s
 32832 24326   36.51609   38  877   39.00000   34.37524  11.9%   349  312s
 34044 25273   36.27635   42  916   39.00000   34.38135  11.8%   349  322s
 35254 26241   35.15687   25 1160   39.00000   34.39467  11.8%   349  332s
 36549 26242   37.19623   71 1357   39.00000   34.40676  11.8%   349  394s
 36551 26243   34.47466   30  678   39.00000   34.40676  11.8%   349  395s
 36564 26252   34.96176   29 1193   39.00000   34.40676  11.8%   349  400s
 36571 26257   37.43989   59 1357   39.00000   34.40676  11.8%   349  406s
 36576 26260   36.83817   42 1416   39.00000   34.40676  11.8%   349  410s
 36584 26265   37.20802   42 1424   39.00000   34.40676  11.8%   349  416s
 36586 26267   37.36892   50 1426   39.00000   34.40676  11.8%   349  420s
 36589 26269   35.26204   34 1457   39.00000   34.40676  11.8%   349  426s
 36591 26270   36.76307   44 1488   39.00000   34.40676  11.8%   349  430s
 36594 26272   34.50314   24 1447   39.00000   34.40676  11.8%   349  436s
 36596 26273   36.59625   38 1459   39.00000   34.40676  11.8%   349  441s
 36598 26275   35.95336   65 1501   39.00000   34.40676  11.8%   349  445s
 36600 26276   35.58616   30 1499   39.00000   34.40676  11.8%   349  450s
 36603 26278   36.78354   51 1495   39.00000   34.40676  11.8%   349  456s
 36605 26279   35.13641   36 1490   39.00000   34.40676  11.8%   349  460s
 36607 26281   37.95183   70 1500   39.00000   34.40676  11.8%   349  465s
 36610 26283   37.71306   53 1537   39.00000   34.40676  11.8%   349  471s
 36612 26284   37.01812   45 1539   39.00000   34.40676  11.8%   349  476s
 36614 26285   34.67381   29 1537   39.00000   34.40676  11.8%   349  480s
 36617 26287   37.04033   70 1536   39.00000   34.40676  11.8%   349  486s
 36619 26289   35.40390   31 1536   39.00000   34.40676  11.8%   349  490s
 36626 26302   34.40676   33 1339   39.00000   34.40676  11.8%   349  495s
 36733 26384   34.40676   38 1240   39.00000   34.40676  11.8%   350  500s
 36911 26502   34.78321   43 1122   39.00000   34.40676  11.8%   351  505s
 37194 26727   34.63701   48 1108   39.00000   34.40676  11.8%   352  510s
 37567 26945   36.19396   59  908   39.00000   34.40676  11.8%   352  515s
 37961 27121   37.01649   72  808   39.00000   34.40676  11.8%   352  520s
 38487 27448   34.86543   44 1102   39.00000   34.40676  11.8%   351  525s
 38965 27708   37.06442   82  980   39.00000   34.40676  11.8%   350  530s
 39507 27977   35.47162   48  952   39.00000   34.40676  11.8%   349  536s
 39812 28021   36.74763   58  767   39.00000   34.40676  11.8%   349  541s
 39865 28060   36.58826   59  793   39.00000   34.40676  11.8%   349  545s
 39963 28144   36.84333   59  809   39.00000   34.40676  11.8%   349  550s
 40111 28248   36.89703   62  818   39.00000   34.40676  11.8%   349  556s
 40258 28292   36.99053   63  781   39.00000   34.40676  11.8%   348  561s
 40370 28409   37.35724   62  707   39.00000   34.40676  11.8%   348  565s
 40591 28540   34.79888   46 1178   39.00000   34.40676  11.8%   348  571s
 40946 28692   37.71100   86  902   39.00000   34.40676  11.8%   348  576s
 41399 28939   34.52367   39 1260   39.00000   34.40676  11.8%   347  582s
 41652 29067   35.55474   45  981   39.00000   34.40676  11.8%   347  585s
 42191 29391   34.70779   47 1138   39.00000   34.40676  11.8%   347  591s
 42477 29563   36.45036   68 1082   39.00000   34.40676  11.8%   347  595s
 43117 29843   35.98379   58 1022   39.00000   34.40676  11.8%   347  602s
 43447 30069   34.51437   42 1302   39.00000   34.40676  11.8%   347  606s
 43808 30219   35.92888   64 1075   39.00000   34.40676  11.8%   347  610s
 44577 30582   36.41372   73 1029   39.00000   34.40676  11.8%   346  619s
 44896 30812   34.69182   40 1109   39.00000   34.40676  11.8%   346  623s
 45272 31067   36.16767   51  854   39.00000   34.40676  11.8%   346  628s
 45741 31299   37.32044   66  653   39.00000   34.40676  11.8%   346  633s
 46169 31549   36.77544   55  808   39.00000   34.40676  11.8%   346  638s
*46227 28397              85      38.0000000   34.40676  9.46%   346  638s
 46709 28407   35.99151   57 1025   38.00000   34.40676  9.46%   346  644s
 47167 28643   35.92210   48  913   38.00000   34.40676  9.46%   346  649s
 47741 28795   36.91823   55  692   38.00000   34.40676  9.46%   347  655s
 48384 29111   34.73016   48 1266   38.00000   34.40676  9.46%   347  660s
 49041 29403   35.69132   57 1132   38.00000   34.40676  9.46%   347  666s
 49732 29652     cutoff   66        38.00000   34.40676  9.46%   347  673s
 50410 29977   35.61101   49 1117   38.00000   34.40676  9.46%   347  679s
 51122 30314   35.68949   53 1006   38.00000   34.40676  9.46%   348  686s
 51929 30671   34.84189   40 1204   38.00000   34.40676  9.46%   348  693s
 52749 31002   36.90776   76 1085   38.00000   34.40676  9.46%   348  699s
 53556 31414   36.50943   60 1054   38.00000   34.40676  9.46%   348  707s
 54451 31842   35.01955   52 1197   38.00000   34.40676  9.46%   347  715s
 55451 32070   34.80638   46 1209   38.00000   34.40676  9.46%   347  722s
 56195 32133   35.89201   59  990   38.00000   34.40676  9.46%   347  728s
 56615 32439   34.85266   42 1128   38.00000   34.40676  9.46%   348  736s
 57202 32886   34.92053   43 1129   38.00000   34.40676  9.46%   348  744s
 58047 33326   35.33213   50 1135   38.00000   34.40676  9.46%   348  753s
 58997 33773   35.51931   53 1093   38.00000   34.40676  9.46%   348  762s
 60060 34196   35.75178   60 1113   38.00000   34.40676  9.46%   348  772s
 61097 34256   36.60814   67 1049   38.00000   34.40676  9.46%   348  782s
 61702 34949   35.28814   56 1129   38.00000   34.40676  9.46%   348  792s
 62925 35356   35.99133   49 1057   38.00000   34.40676  9.46%   349  803s
 64053 35820     cutoff   55        38.00000   34.40676  9.46%   350  813s
 65262 36321   35.47768   50 1074   38.00000   34.41624  9.43%   350  825s
 66508 36888   36.71505   52  949   38.00000   34.42460  9.41%   350  836s
 67931 37306   36.29495   60  986   38.00000   34.44752  9.35%   350  848s
 69254 37820   34.98130   49 1149   38.00000   34.45590  9.33%   350  859s
 70642 38154   35.27558   53 1178   38.00000   34.48009  9.26%   350  870s
 72015 38520   36.88921   76  989   38.00000   34.49024  9.24%   350  881s
 73394 39130   36.28762   56 1040   38.00000   34.50421  9.20%   350  894s
 74911 39414   36.01942   68 1114   38.00000   34.51556  9.17%   350  904s
 76085 39775   35.43504   45 1081   38.00000   34.52937  9.13%   350  914s
 77186 40254   34.97384   40 1186   38.00000   34.54058  9.10%   350  925s
 78344 40633   35.89293   46 1038   38.00000   34.54967  9.08%   351  936s
 79554 40993   35.16938   48 1131   38.00000   34.55967  9.05%   351  948s
 80806 41394   35.08211   42 1149   38.00000   34.56504  9.04%   352  958s
 81954 41828   35.85941   46 1007   38.00000   34.57655  9.01%   352  969s
 83248 42221   35.11940   54 1200   38.00000   34.58857  8.98%   352  980s
 84554 42650   36.83250   58  788   38.00000   34.59302  8.97%   352  991s
 85843 42945   35.57761   45 1106   38.00000   34.60013  8.95%   353 1002s
 87120 43249   36.55511   60  962   38.00000   34.60820  8.93%   353 1013s
 88285 43599   36.68937   50  912   38.00000   34.61485  8.91%   353 1024s
 89472 44070   35.39843   55 1255   38.00000   34.62652  8.88%   353 1034s
 90749 44507   35.79295   58 1067   38.00000   34.63344  8.86%   353 1045s
 91976 44998   35.96726   62 1141   38.00000   34.64159  8.84%   353 1057s
 93354 45377     cutoff   65        38.00000   34.64897  8.82%   353 1067s
 94571 45756   36.67727   75 1062   38.00000   34.65435  8.80%   353 1078s
 95740 46240   35.53962   51 1124   38.00000   34.66112  8.79%   353 1089s
 97007 46607   36.79658   60  973   38.00000   34.66944  8.76%   353 1100s
 98182 47015   36.96456   55  765   38.00000   34.67487  8.75%   354 1110s
 99366 47418   35.02951   47 1280   38.00000   34.68194  8.73%   354 1121s
 100508 47768   35.93130   59 1133   38.00000   34.69024  8.71%   354 1132s
 101633 48125   36.40734   56  942   38.00000   34.69533  8.70%   355 1143s
 102791 48301   36.15068   56 1184   38.00000   34.70170  8.68%   355 1154s
 104073 48713   36.75185   52  855   38.00000   34.70896  8.66%   355 1165s
 105243 49205   36.17501   50 1010   38.00000   34.71417  8.65%   355 1176s
 106511 49595   36.70126   72 1001   38.00000   34.71869  8.64%   355 1187s
 107730 49944   35.63274   53 1106   38.00000   34.72712  8.61%   355 1198s
 109021 50372     cutoff   71        38.00000   34.73304  8.60%   355 1209s
 110223 50786   35.23129   45 1188   38.00000   34.73955  8.58%   356 1221s
 111460 51147   35.55025   44 1081   38.00000   34.74184  8.57%   356 1232s
 112674 51977   36.29891   61  995   38.00000   34.74755  8.56%   356 1244s
 113964 52850   35.57811   51 1094   38.00000   34.75356  8.54%   357 1255s
 115262 53619   36.06334   61 1076   38.00000   34.75820  8.53%   357 1267s
 116491 53833   35.40165   43 1079   38.00000   34.76407  8.52%   357 1278s
 116849 54564   35.66557   48 1042   38.00000   34.76602  8.51%   357 1290s
 118175 55348   36.97548   70 1054   38.00000   34.77070  8.50%   357 1302s
 119421 56244   35.39790   50 1164   38.00000   34.77463  8.49%   357 1314s
 120758 57122   36.89116   68 1004   38.00000   34.77938  8.48%   357 1325s
 122071 57763   36.66722   64 1041   38.00000   34.78408  8.46%   357 1337s
 123265 58508   35.69397   43 1100   38.00000   34.78841  8.45%   358 1348s
 124444 59306   35.49069   45 1175   38.00000   34.79229  8.44%   358 1360s
 125624 59999   36.43973   53  934   38.00000   34.79596  8.43%   359 1372s
 126948 60901     cutoff   57        38.00000   34.79971  8.42%   358 1383s
 128276 61723   35.66385   53 1084   38.00000   34.80310  8.41%   358 1395s
 129460 62475   36.65321   55 1013   38.00000   34.80656  8.40%   359 1407s
 130876 63114   36.22417   53 1061   38.00000   34.81102  8.39%   359 1418s
 132067 63665   36.10365   52 1096   38.00000   34.81489  8.38%   359 1430s
 133204 64507   35.22037   45 1171   38.00000   34.82069  8.37%   359 1441s
 134441 65048   35.27766   44 1096   38.00000   34.82434  8.36%   359 1452s
 135813 65856   35.37722   45 1135   38.00000   34.82690  8.35%   359 1464s
 137053 66478   36.53457   57 1032   38.00000   34.83099  8.34%   359 1475s
 138055 67201   35.55271   48 1116   38.00000   34.83383  8.33%   360 1486s
 139258 67976   36.87112   55  955   38.00000   34.83822  8.32%   360 1498s
 140477 68696     cutoff   61        38.00000   34.84172  8.31%   360 1509s
 141667 69567   35.91456   56 1009   38.00000   34.84562  8.30%   360 1520s
 142945 70263   35.66133   51 1120   38.00000   34.84949  8.29%   360 1532s
 144112 70913   35.28262   46 1161   38.00000   34.85285  8.28%   361 1543s
 145440 71635   36.59333   59 1026   38.00000   34.85836  8.27%   361 1554s
 146602 72410   35.30941   43 1126   38.00000   34.86155  8.26%   361 1566s
 147829 73108   35.72048   43  978   38.00000   34.86445  8.25%   361 1578s
 148987 73836   36.32505   52 1064   38.00000   34.86680  8.25%   362 1590s
 150111 74498   36.83567   65 1094   38.00000   34.86931  8.24%   362 1603s
 151349 75304   36.87098   59 1034   38.00000   34.87394  8.23%   362 1615s
 152593 76179   36.58977   64 1123   38.00000   34.87702  8.22%   363 1627s
 153916 77031   36.60612   61  971   38.00000   34.87956  8.21%   363 1639s
 155154 77809   35.78977   45 1048   38.00000   34.88213  8.20%   363 1651s
 156411 78545   35.40152   49 1178   38.00000   34.88656  8.19%   363 1663s
 157591 79308   35.35290   44 1203   38.00000   34.88934  8.19%   364 1676s
 158811 80029   36.82399   54  975   38.00000   34.89154  8.18%   364 1688s
 159987 80752   36.47327   65 1041   38.00000   34.89434  8.17%   364 1700s
 161213 81081   35.86464   47  957   38.00000   34.89718  8.17%   365 1712s
 161735 81981   35.63000   48 1226   38.00000   34.89769  8.16%   365 1724s
 163106 82774   36.60543   67 1065   38.00000   34.90121  8.15%   365 1737s
 164311 83470   36.65993   59  994   38.00000   34.90511  8.14%   365 1749s
 165445 84044   36.56374   57  831   38.00000   34.90745  8.14%   365 1762s
 166376 84917   35.82812   55 1153   38.00000   34.90879  8.13%   366 1776s
 167829 85827   35.50804   47 1141   38.00000   34.91278  8.12%   366 1789s
 169216 86621   35.39025   50 1199   38.00000   34.91621  8.12%   366 1802s
 170441 87296   35.70210   51 1179   38.00000   34.91856  8.11%   366 1815s
 171707 88172   35.34695   49 1189   38.00000   34.92227  8.10%   367 1828s
 173050 88955   36.82259   62 1010   38.00000   34.92453  8.09%   367 1840s
 174300 89804   36.68063   61 1110   38.00000   34.92721  8.09%   367 1853s
 175559 90562   36.49662   58 1039   38.00000   34.92984  8.08%   367 1865s
 176846 91330   35.54770   45 1131   38.00000   34.93292  8.07%   367 1878s
 178220 91947   35.51822   49 1157   38.00000   34.93613  8.06%   367 1890s
 179413 92714   36.72525   58  848   38.00000   34.93835  8.06%   368 1902s
 180664 93565   35.65256   46 1189   38.00000   34.94095  8.05%   368 1914s
 182003 94425   35.61080   49 1110   38.00000   34.94505  8.04%   368 1926s
 183316 95066   36.54154   62 1137   38.00000   34.94725  8.03%   368 1937s
 184419 95722   36.23803   54 1123   38.00000   34.94945  8.03%   368 1949s
 185523 96438     cutoff   65        38.00000   34.95184  8.02%   368 1961s
 186679 97126   35.50122   48 1243   38.00000   34.95438  8.01%   368 1974s
 187889 97769   36.88378   62  900   38.00000   34.95517  8.01%   369 1986s
 189218 98438   36.19681   52 1001   38.00000   34.95675  8.01%   369 1998s
 190364 99070   35.46415   47 1105   38.00000   34.95932  8.00%   369 2010s
 191469 99877   35.68714   50 1147   38.00000   34.96108  8.00%   369 2022s
 192761 100672   35.46248   50 1225   38.00000   34.96378  7.99%   369 2035s
 194024 101455   36.22990   55 1191   38.00000   34.96687  7.98%   369 2047s
 195288 102102   35.71772   44  984   38.00000   34.96937  7.98%   369 2059s
 196435 102783   35.51592   44 1233   38.00000   34.97072  7.97%   370 2071s
 197770 103415     cutoff   71        38.00000   34.97365  7.96%   370 2083s
 198892 104287   36.67330   67 1095   38.00000   34.97626  7.96%   370 2095s
 200194 104557     cutoff   69        38.00000   34.97819  7.95%   370 2107s
 200604 106618   35.86095   56 1203   38.00000   34.97839  7.95%   370 2141s
 204363 107419   36.96699   65 1071   38.00000   34.98550  7.93%   370 2154s
 205574 108245     cutoff   64        38.00000   34.98770  7.93%   370 2167s
 206891 109020   35.30609   45 1110   38.00000   34.98977  7.92%   370 2180s
 208167 109802   35.68040   48 1098   38.00000   34.99218  7.92%   370 2192s
 209460 110478   36.46243   56 1019   38.00000   34.99496  7.91%   371 2205s
 210652 111090     cutoff   58        38.00000   34.99708  7.90%   371 2217s
 211922 111880   36.20478   63 1120   38.00000   34.99846  7.90%   371 2229s
 213244 112697   36.44971   60 1033   38.00000   35.00081  7.89%   371 2241s
 214473 113420   35.70624   45 1145   38.00000   35.00357  7.89%   371 2254s
 215677 114068   36.56249   53  965   38.00000   35.00553  7.88%   371 2266s
 216886 114856   35.69455   47 1205   38.00000   35.00789  7.87%   371 2278s
 218131 115589   35.86333   49 1108   38.00000   35.00976  7.87%   372 2290s
 219388 116372   35.33934   47 1155   38.00000   35.01164  7.86%   372 2302s
 220587 117121   35.85048   54 1135   38.00000   35.01395  7.86%   372 2313s
 221829 117855   36.74605   60 1056   38.00000   35.01653  7.85%   372 2325s
 222985 118624   36.54245   53 1033   38.00000   35.01799  7.85%   372 2337s
 224164 119332     cutoff   55        38.00000   35.02057  7.84%   372 2349s
 225374 120080   36.09463   52  970   38.00000   35.02213  7.84%   372 2361s
 226650 120783   35.52733   45 1131   38.00000   35.02363  7.83%   372 2373s
 227833 121603   36.49276   56  876   38.00000   35.02494  7.83%   372 2384s
 229103 121822   36.07001   57 1054   38.00000   35.02728  7.82%   372 2396s
 229497 122525   35.93354   49 1030   38.00000   35.02810  7.82%   372 2409s
 230724 123350   36.44862   57 1082   38.00000   35.03019  7.82%   372 2421s
 231991 124074   35.63347   43 1026   38.00000   35.03226  7.81%   372 2433s
 233214 124840   35.94222   51  979   38.00000   35.03379  7.81%   373 2445s
 234435 125527   35.47981   50 1193   38.00000   35.03555  7.80%   373 2457s
 235614 126332   36.39404   61 1208   38.00000   35.03721  7.80%   373 2469s
 236869 127013   36.14200   54  998   38.00000   35.03987  7.79%   373 2481s
 238224 127593   36.41737   53 1021   38.00000   35.04075  7.79%   373 2492s
 239316 128250   35.56537   42 1049   38.00000   35.04286  7.78%   373 2504s
 240422 128997     cutoff   65        38.00000   35.04471  7.78%   373 2515s
 241654 129613   36.76204   59 1148   38.00000   35.04723  7.77%   373 2527s
 242839 130208   35.64528   55 1226   38.00000   35.04908  7.77%   373 2539s
 244163 130433   35.58867   50 1181   38.00000   35.04999  7.76%   373 2551s
 244484 131097     cutoff   59        38.00000   35.05035  7.76%   373 2563s
 245744 131867   35.62427   49 1008   38.00000   35.05321  7.75%   373 2575s
 247066 132576   36.75395   55 1006   38.00000   35.05501  7.75%   373 2588s
 248248 133388   36.84173   67 1033   38.00000   35.05638  7.75%   373 2599s
 249474 134167   36.58581   61 1091   38.00000   35.05791  7.74%   373 2612s
 250721 134865   35.36629   45 1206   38.00000   35.05995  7.74%   373 2624s
 251949 135590   36.02623   49 1198   38.00000   35.06212  7.73%   373 2635s
 253216 136266   36.29610   52 1051   38.00000   35.06439  7.73%   373 2647s
 254374 136951   36.79472   52  990   38.00000   35.06608  7.72%   373 2659s
 255530 137794   36.46992   52 1019   38.00000   35.06731  7.72%   373 2671s
 256856 138424   36.38956   55 1111   38.00000   35.06964  7.71%   373 2683s
 257973 139139   36.11225   56 1049   38.00000   35.07139  7.71%   374 2694s
 259162 139862   36.79316   72 1138   38.00000   35.07254  7.70%   374 2706s
 260286 140606   36.23938   55 1120   38.00000   35.07315  7.70%   374 2718s
 261498 141268   36.10714   48  951   38.00000   35.07624  7.69%   374 2730s
 262686 141909   36.59544   64 1096   38.00000   35.07765  7.69%   374 2741s
 263829 142552   36.92380   61 1017   38.00000   35.07939  7.69%   374 2753s
 265045 143289   35.46610   49 1205   38.00000   35.08108  7.68%   374 2766s
 266268 144013   36.76228   59 1092   38.00000   35.08242  7.68%   374 2778s
 267474 144785   36.62895   63 1138   38.00000   35.08389  7.67%   374 2790s
 268675 145531   35.66790   55 1255   38.00000   35.08560  7.67%   374 2801s
 269913 146200   35.71178   54 1188   38.00000   35.08756  7.66%   374 2813s
 271036 146928   36.08827   55 1088   38.00000   35.08862  7.66%   374 2825s
 272308 147624   35.54989   41 1131   38.00000   35.09109  7.66%   374 2837s
 273437 148311   36.21825   58 1102   38.00000   35.09225  7.65%   375 2850s
 274801 148818   35.86661   51 1048   38.00000   35.09374  7.65%   375 2860s
 275939 149369   36.81989   59 1041   38.00000   35.09569  7.64%   375 2872s
 277048 150049   35.55646   50 1241   38.00000   35.09677  7.64%   375 2883s
 278173 150737   35.74766   51 1169   38.00000   35.09814  7.64%   375 2895s
 279343 151500   35.60007   48 1232   38.00000   35.09971  7.63%   375 2907s
 280550 152248   36.65299   58 1141   38.00000   35.10095  7.63%   375 2919s
 281700 152830   35.96720   49  984   38.00000   35.10251  7.62%   375 2930s
 282942 153621   35.43049   49 1201   38.00000   35.10409  7.62%   375 2942s
 284201 154276   35.87127   54 1136   38.00000   35.10542  7.62%   375 2954s
 285399 154880   36.94703   58  984   38.00000   35.10704  7.61%   375 2966s
 286518 155538   36.08993   53 1022   38.00000   35.10870  7.61%   375 2978s
 287704 156228   36.48898   52  917   38.00000   35.10988  7.61%   375 2990s
 288845 156715   36.64075   56  902   38.00000   35.11128  7.60%   375 3002s
 289671 157440   35.85406   55 1187   38.00000   35.11128  7.60%   376 3014s
 290902 158162   36.10452   54 1140   38.00000   35.11398  7.59%   376 3027s
 292096 158790   36.71693   60 1016   38.00000   35.11522  7.59%   376 3039s
 293267 159575   35.57132   51 1100   38.00000   35.11672  7.59%   376 3051s
 294488 160366   36.23878   54 1167   38.00000   35.11797  7.58%   376 3064s
 295741 161121   36.12473   57 1104   38.00000   35.11956  7.58%   376 3076s
 297020 161905     cutoff   69        38.00000   35.12086  7.58%   376 3088s
 298269 162567   35.30264   53 1274   38.00000   35.12205  7.57%   376 3101s
 299483 163214   36.20969   51  947   38.00000   35.12321  7.57%   376 3113s
 300747 164019   36.61968   54 1097   38.00000   35.12488  7.57%   376 3124s
 302031 164667   36.57290   53 1114   38.00000   35.12602  7.56%   376 3136s
 303161 165348   36.87838   51  913   38.00000   35.12732  7.56%   376 3149s
 304364 166001   36.22166   55 1135   38.00000   35.12882  7.56%   376 3160s
 305580 166678     cutoff   50        38.00000   35.13062  7.55%   376 3172s
 306845 167298   36.74954   56  981   38.00000   35.13199  7.55%   376 3184s
 308061 167938   36.90002   54 1022   38.00000   35.13353  7.54%   376 3196s
 309197 168704   35.71503   47 1079   38.00000   35.13424  7.54%   376 3208s
 310404 168965   35.86764   49 1119   38.00000   35.13628  7.54%   377 3220s
 310805 170923   35.40086   50 1219   38.00000   35.13673  7.53%   377 3256s
 314364 171853   35.55143   45 1155   38.00000   35.13965  7.53%   377 3269s
 315834 172637   36.11110   54 1043   38.00000   35.14132  7.52%   377 3282s
 317142 173364   36.72247   58  917   38.00000   35.14261  7.52%   377 3295s
 318462 174149   36.86244   58  971   38.00000   35.14411  7.52%   377 3307s
 319750 174912   36.05983   49 1037   38.00000   35.14584  7.51%   377 3320s
 321031 175529     cutoff   60        38.00000   35.14718  7.51%   377 3332s
 322215 176284   35.54947   51 1221   38.00000   35.14848  7.50%   377 3345s
 323514 176999   36.13972   54 1084   38.00000   35.14996  7.50%   377 3357s
 324902 177641   35.50939   47 1195   38.00000   35.15123  7.50%   377 3369s
 326156 178180   36.53108   49  976   38.00000   35.15247  7.49%   377 3381s
 327451 178884   36.97082   52  936   38.00000   35.15366  7.49%   377 3393s
 328746 179534   35.46205   45 1156   38.00000   35.15528  7.49%   377 3405s
 329951 180280   36.61290   61 1089   38.00000   35.15659  7.48%   377 3418s
 331167 181078   35.97289   52 1111   38.00000   35.15795  7.48%   377 3430s
 332461 181681   35.70942   50 1125   38.00000   35.15943  7.48%   377 3441s
 333597 182281   36.93961   57  905   38.00000   35.16072  7.47%   377 3453s
 334758 183136   36.08024   56 1053   38.00000   35.16225  7.47%   377 3465s
 336069 183823   36.32557   54 1087   38.00000   35.16371  7.46%   377 3477s
 337261 184502   36.77028   51  851   38.00000   35.16462  7.46%   377 3489s
 338448 185210   36.37928   52 1010   38.00000   35.16617  7.46%   378 3501s
 339722 185927   35.97226   58  868   38.00000   35.16760  7.45%   378 3513s
 340908 186604     cutoff   70        38.00000   35.16884  7.45%   378 3525s
 342059 187350     cutoff   64        38.00000   35.17019  7.45%   378 3537s
 343373 188091   35.71940   49 1141   38.00000   35.17132  7.44%   378 3549s
 344564 188724   35.70432   46 1080   38.00000   35.17248  7.44%   378 3561s
 345722 189470   36.61262   58  992   38.00000   35.17339  7.44%   378 3573s
 346954 190078   35.89242   56 1161   38.00000   35.17428  7.44%   378 3586s
 348043 190874   35.76439   44 1065   38.00000   35.17578  7.43%   378 3599s
 349398 191452   35.93094   54 1159   38.00000   35.17706  7.43%   378 3611s
 350730 192062   36.82584   68 1104   38.00000   35.17814  7.43%   378 3624s
 351930 192617   36.35957   48 1088   38.00000   35.17940  7.42%   378 3636s
 353071 193397   36.97192   68  947   38.00000   35.18090  7.42%   378 3648s
 354360 194056   36.25912   50 1047   38.00000   35.18245  7.41%   378 3660s
 355552 194715   36.86341   60  827   38.00000   35.18386  7.41%   378 3672s
 356654 195060   36.47540   66 1135   38.00000   35.18492  7.41%   378 3685s
 357213 195802   36.21450   61 1115   38.00000   35.18527  7.41%   378 3698s
 358565 196450   36.16897   55 1109   38.00000   35.18676  7.40%   378 3710s
 359852 197140   35.57483   46 1159   38.00000   35.18767  7.40%   378 3723s
 360973 197917   36.59692   58 1045   38.00000   35.18874  7.40%   379 3736s
 362252 198144   36.80925   53 1103   38.00000   35.19052  7.39%   379 3749s
 362662 198988   36.82834   60 1100   38.00000   35.19055  7.39%   379 3762s
 364014 199726   35.95094   53 1167   38.00000   35.19214  7.39%   379 3775s
 365312 200404     cutoff   71        38.00000   35.19354  7.39%   379 3787s
 366427 201042   36.76186   59  932   38.00000   35.19412  7.38%   379 3800s
 367839 201789   36.88886   66  932   38.00000   35.19566  7.38%   379 3812s
 369100 202338   36.13008   62 1126   38.00000   35.19708  7.38%   379 3824s
 370399 202995   36.22510   55 1112   38.00000   35.19796  7.37%   379 3835s
 371637 203609     cutoff   57        38.00000   35.19918  7.37%   379 3847s
 372803 204144     cutoff   78        38.00000   35.20029  7.37%   379 3859s
 373931 204822   36.90597   68 1119   38.00000   35.20104  7.37%   379 3871s
 375116 205599   35.45110   48 1106   38.00000   35.20211  7.36%   379 3883s
 376428 206273   36.18819   60 1242   38.00000   35.20370  7.36%   379 3894s
 377645 206881   36.77442   59 1153   38.00000   35.20468  7.36%   379 3906s
 378918 207570   35.86429   57 1210   38.00000   35.20535  7.35%   379 3918s
 380148 208202   36.05111   49 1050   38.00000   35.20639  7.35%   379 3930s
 381255 208867   35.98250   57 1136   38.00000   35.20749  7.35%   379 3941s
 382428 209423   36.82265   60  957   38.00000   35.20832  7.35%   379 3953s
 383539 210093   36.26177   63 1079   38.00000   35.20940  7.34%   379 3965s
 384706 210923   36.09280   51 1145   38.00000   35.21062  7.34%   379 3978s
 385996 211561   36.15023   56 1053   38.00000   35.21168  7.34%   379 3990s
 387208 212226   35.81514   47 1086   38.00000   35.21319  7.33%   379 4002s
 388417 212817   36.85872   64 1080   38.00000   35.21404  7.33%   379 4015s
 389657 213449   36.41134   57 1173   38.00000   35.21542  7.33%   379 4027s
 390791 214144   36.16431   51 1068   38.00000   35.21668  7.32%   380 4039s
 391933 214917     cutoff   72        38.00000   35.21725  7.32%   380 4051s
 393283 215628     cutoff   61        38.00000   35.21856  7.32%   380 4063s
 394473 216241     cutoff   73        38.00000   35.21955  7.32%   380 4076s
 395636 216739   35.97493   56 1231   38.00000   35.22051  7.31%   380 4088s
 396458 217299   35.72094   55 1221   38.00000   35.22118  7.31%   380 4100s
 397718 217567   36.98671   68  886   38.00000   35.22184  7.31%   380 4113s
 398196 218325   36.84697   51  842   38.00000   35.22211  7.31%   380 4126s
 399534 219003   36.06881   52 1119   38.00000   35.22345  7.31%   380 4139s
 400822 219724   35.95758   50 1004   38.00000   35.22460  7.30%   380 4152s
 402063 220427   35.78343   51 1182   38.00000   35.22556  7.30%   380 4164s
 403184 221209   36.87901   58  951   38.00000   35.22640  7.30%   380 4177s
 404627 221724   35.95382   50 1098   38.00000   35.22775  7.30%   380 4189s
 405809 222382   36.26156   52  966   38.00000   35.22846  7.29%   380 4201s
 407002 223121   36.18707   55 1134   38.00000   35.22927  7.29%   380 4213s
 408321 223824     cutoff   58        38.00000   35.23065  7.29%   380 4225s
 409503 224475   36.44166   57  984   38.00000   35.23168  7.29%   380 4237s
 410705 225159   35.68664   52 1158   38.00000   35.23276  7.28%   380 4249s
 411820 225753     cutoff   57        38.00000   35.23344  7.28%   381 4261s
 413169 226556   35.78938   50 1189   38.00000   35.23436  7.28%   380 4272s
 414452 227091     cutoff   74        38.00000   35.23585  7.27%   380 4284s
 415751 227676   36.93829   62  922   38.00000   35.23691  7.27%   380 4296s
 416909 228167   36.03202   45 1070   38.00000   35.23766  7.27%   380 4307s
 418133 228841   35.70504   54 1225   38.00000   35.23898  7.27%   380 4319s
 419365 229483   36.10411   53 1002   38.00000   35.24002  7.26%   380 4331s
 420489 230186   36.58540   67 1125   38.00000   35.24095  7.26%   380 4343s
 421753 230798   36.22805   61 1168   38.00000   35.24198  7.26%   380 4354s
 422908 231491   36.82951   55  894   38.00000   35.24359  7.25%   380 4366s
 424134 232300   36.68472   69 1101   38.00000   35.24450  7.25%   380 4378s
 425393 232941   36.10863   50 1027   38.00000   35.24562  7.25%   380 4389s
 426528 233623     cutoff   59        38.00000   35.24654  7.25%   381 4401s
 427750 234199   35.62258   50 1222   38.00000   35.24763  7.24%   381 4413s
 429044 234879   35.88917   49 1154   38.00000   35.24887  7.24%   380 4425s
 430234 235624   36.04528   57 1148   38.00000   35.24970  7.24%   381 4436s
 431509 236284   36.21551   63 1137   38.00000   35.25076  7.23%   380 4448s
 432712 236944   35.67677   51 1116   38.00000   35.25178  7.23%   380 4460s
 433909 237613   36.95187   57  974   38.00000   35.25286  7.23%   380 4471s
 435213 238181   36.83213   58 1043   38.00000   35.25403  7.23%   380 4483s
 436360 238770   36.60852   61 1052   38.00000   35.25432  7.23%   381 4495s
 437581 239468   35.76199   45 1101   38.00000   35.25508  7.22%   381 4507s
 438761 240044     cutoff   63        38.00000   35.25614  7.22%   381 4519s
 439903 240726   36.23188   51 1087   38.00000   35.25697  7.22%   381 4532s
 441168 241073   36.41477   63 1086   38.00000   35.25788  7.22%   381 4544s
 441731 241784   36.26309   58 1059   38.00000   35.25823  7.22%   381 4559s
 443212 242603   36.10014   58 1095   38.00000   35.25945  7.21%   381 4573s
 444552 243364   36.10196   51 1060   38.00000   35.26031  7.21%   381 4586s
 445886 244043     cutoff   58        38.00000   35.26135  7.21%   381 4599s
 447201 244788   36.91805   62 1043   38.00000   35.26239  7.20%   381 4612s
 448609 245463   36.06331   46 1049   38.00000   35.26325  7.20%   381 4625s
 449807 246094   36.08698   52 1087   38.00000   35.26420  7.20%   381 4637s
 451057 246884   36.79064   68 1071   38.00000   35.26514  7.20%   381 4650s
 452358 247427   36.67275   54  965   38.00000   35.26612  7.19%   381 4662s
 453675 248090   36.11240   51 1020   38.00000   35.26612  7.19%   381 4675s
 454936 248840   36.13371   52 1163   38.00000   35.26813  7.19%   381 4687s
 456227 249536   36.32850   54 1144   38.00000   35.26881  7.19%   381 4699s
 457536 250181   36.81009   69 1060   38.00000   35.26983  7.18%   381 4711s
 458723 250766   36.88836   70  990   38.00000   35.27052  7.18%   381 4724s
 460087 251249   36.54334   54  925   38.00000   35.27131  7.18%   381 4736s
 461310 251854   36.40523   50  989   38.00000   35.27223  7.18%   381 4747s
 462542 252467   36.56771   54 1059   38.00000   35.27289  7.18%   381 4759s
 463660 253020   36.11554   48 1096   38.00000   35.27363  7.17%   381 4770s
 464911 253596     cutoff   70        38.00000   35.27433  7.17%   381 4782s
 466000 254188   36.22451   62 1217   38.00000   35.27504  7.17%   381 4794s
 467148 254789   35.66617   56 1219   38.00000   35.27592  7.17%   381 4806s
 468280 255501   36.98611   56  977   38.00000   35.27665  7.17%   381 4818s
 469580 256154   36.03381   45 1131   38.00000   35.27765  7.16%   381 4830s
 470731 256902   36.12473   54 1098   38.00000   35.27841  7.16%   381 4842s
 471987 257370   36.94304   62 1036   38.00000   35.27958  7.16%   381 4854s
 473435 257944   36.53139   62 1053   38.00000   35.27997  7.16%   381 4865s
 474612 258553   35.81968   60 1121   38.00000   35.28083  7.16%   381 4877s
 475761 259165   35.75660   44 1080   38.00000   35.28162  7.15%   381 4889s
 477078 259758   36.91124   60 1079   38.00000   35.28273  7.15%   381 4901s
 478213 260447   36.13360   54 1120   38.00000   35.28379  7.15%   381 4912s
 479405 261048   35.71078   52 1203   38.00000   35.28470  7.15%   381 4924s
 480579 261514   35.67185   44  984   38.00000   35.28567  7.14%   381 4936s
 481510 262161   35.86715   50 1270   38.00000   35.28616  7.14%   381 4948s
 482715 262478   36.07596   55 1074   38.00000   35.28715  7.14%   381 4960s
 483374 263237   36.13785   52 1024   38.00000   35.28719  7.14%   381 4972s
 484718 263973   36.03298   50 1140   38.00000   35.28860  7.14%   381 4985s
 486028 264669   36.88978   62 1131   38.00000   35.28942  7.13%   381 4997s
 487312 265262   35.73314   48 1131   38.00000   35.29042  7.13%   381 5010s
 488621 265904     cutoff   70        38.00000   35.29111  7.13%   381 5022s
 489976 266499   36.67479   57 1010   38.00000   35.29191  7.13%   381 5034s
 491120 267206   35.61105   52 1214   38.00000   35.29263  7.12%   381 5046s
 492333 267847     cutoff   65        38.00000   35.29263  7.12%   381 5058s
 493580 268425   36.76271   53 1049   38.00000   35.29370  7.12%   381 5071s
 494915 269016   35.87586   47 1157   38.00000   35.29476  7.12%   381 5082s
 495965 269434   36.90777   64  873   38.00000   35.29545  7.12%   381 5093s
 496947 270064   35.88877   61 1083   38.00000   35.29618  7.12%   381 5106s
 498173 270721   36.54104   53  946   38.00000   35.29709  7.11%   381 5118s
 499483 271171   36.87851   56  845   38.00000   35.29805  7.11%   381 5130s
 500801 271741   35.55122   45 1123   38.00000   35.29865  7.11%   381 5142s
 502055 272300   36.94507   59 1042   38.00000   35.29937  7.11%   381 5154s
 503338 272879   36.64531   51  953   38.00000   35.29993  7.11%   381 5166s
 504473 273546   36.32739   54 1106   38.00000   35.30069  7.10%   381 5178s
 505666 274113   36.06291   47 1028   38.00000   35.30164  7.10%   381 5190s
 506948 274603   36.09625   56 1117   38.00000   35.30234  7.10%   381 5202s
 508236 275151   36.94480   63 1008   38.00000   35.30317  7.10%   381 5214s
 509482 275613   35.56942   48 1171   38.00000   35.30382  7.10%   381 5225s
 510754 276154   35.78257   54 1245   38.00000   35.30465  7.09%   381 5237s
 511971 276656     cutoff   55        38.00000   35.30517  7.09%   381 5249s
 513181 277203   36.85700   59 1035   38.00000   35.30609  7.09%   381 5261s
 514493 277396     cutoff   55        38.00000   35.30660  7.09%   381 5274s
 514886 277655   36.61490   68 1050   38.00000   35.30674  7.09%   381 5287s
 515396 278420   36.06613   54 1117   38.00000   35.30696  7.09%   381 5302s
 516983 279154   36.10507   56 1163   38.00000   35.30808  7.08%   381 5316s
 518339 279984   36.38835   50  930   38.00000   35.30872  7.08%   381 5330s
 519714 280600   36.68066   59 1058   38.00000   35.30951  7.08%   382 5343s
 521128 281306   36.59395   50  984   38.00000   35.31017  7.08%   382 5356s
 522428 282036   35.85757   50 1101   38.00000   35.31139  7.08%   382 5369s
 523716 282798   35.99878   56 1117   38.00000   35.31226  7.07%   382 5382s
 525021 283568   36.50306   62 1121   38.00000   35.31301  7.07%   382 5394s
 526303 284280     cutoff   56        38.00000   35.31371  7.07%   382 5407s
 527605 285007   36.22528   55 1009   38.00000   35.31449  7.07%   382 5420s
 528887 285750   35.55606   47 1112   38.00000   35.31519  7.07%   382 5432s
 530210 286443   36.92989   61  956   38.00000   35.31611  7.06%   382 5444s
 531496 287072   36.53722   57 1071   38.00000   35.31691  7.06%   382 5456s
 532624 287816   36.47689   56 1085   38.00000   35.31738  7.06%   382 5467s
 533982 288244   36.85765   67 1056   38.00000   35.31828  7.06%   382 5479s
 535211 288786   35.79791   54 1157   38.00000   35.31919  7.05%   382 5490s
 536398 289477   35.77574   53 1117   38.00000   35.31998  7.05%   382 5501s
 537645 289977   35.90770   47 1105   38.00000   35.32091  7.05%   382 5513s
 538728 290629   36.27382   56 1087   38.00000   35.32166  7.05%   382 5524s
 539870 290771   36.80464   55 1035   38.00000   35.32271  7.05%   382 5535s
 540200 291284   35.51395   53 1065   38.00000   35.32279  7.05%   382 5547s
 541297 291895   36.99668   71 1130   38.00000   35.32375  7.04%   382 5560s
 542471 292673   36.30840   51  957   38.00000   35.32457  7.04%   382 5572s
 543842 293324   36.84089   64 1134   38.00000   35.32542  7.04%   382 5584s
 545101 293980   36.22676   54 1189   38.00000   35.32605  7.04%   382 5596s
 546357 294667     cutoff   54        38.00000   35.32699  7.03%   382 5608s
 547668 295271   36.34163   58 1213   38.00000   35.32767  7.03%   382 5620s
 548932 295898   36.04126   50 1057   38.00000   35.32846  7.03%   382 5632s
 550098 296655   36.86182   58  989   38.00000   35.32916  7.03%   382 5644s
 551434 297276   36.75736   54  885   38.00000   35.32999  7.03%   382 5656s
 552562 297892     cutoff   57        38.00000   35.33064  7.02%   382 5668s
 553903 298458   36.43608   52 1179   38.00000   35.33154  7.02%   382 5680s
 555187 299094   36.27134   49 1085   38.00000   35.33235  7.02%   382 5692s
 556376 299629   36.33603   55 1054   38.00000   35.33308  7.02%   382 5704s
 557660 300129   36.02663   49 1117   38.00000   35.33349  7.02%   382 5715s
 558902 300829   36.35216   47 1046   38.00000   35.33423  7.02%   382 5727s
 560165 301142   35.69171   47 1177   38.00000   35.33485  7.01%   382 5738s
 560726 301746   35.82230   48 1154   38.00000   35.33504  7.01%   382 5750s
 561894 302452   35.96971   58 1190   38.00000   35.33544  7.01%   382 5762s
 563189 303046   36.73161   66 1092   38.00000   35.33651  7.01%   382 5774s
 564394 303713   36.76101   57  903   38.00000   35.33735  7.01%   382 5786s
 565554 304420     cutoff   54        38.00000   35.33809  7.01%   382 5798s
 566857 304856   36.57133   52 1010   38.00000   35.33881  7.00%   382 5810s
 568228 305447   35.73195   53 1191   38.00000   35.33909  7.00%   382 5821s
 569292 306081     cutoff   67        38.00000   35.33972  7.00%   382 5833s
 570474 306786     cutoff   56        38.00000   35.34039  7.00%   382 5844s
 571681 307383   36.94723   64  890   38.00000   35.34132  7.00%   382 5855s
 572853 307883   36.18383   51 1034   38.00000   35.34202  6.99%   382 5867s
 574074 308510   36.49432   61 1084   38.00000   35.34268  6.99%   382 5878s
 575271 309091   36.61633   58 1145   38.00000   35.34349  6.99%   382 5890s
 576372 309708   36.17083   52 1079   38.00000   35.34410  6.99%   382 5902s
 577614 310394     cutoff   55        38.00000   35.34487  6.99%   382 5913s
 578916 310937   36.81323   68  991   38.00000   35.34553  6.99%   382 5925s
 580086 311630   35.75675   43 1092   38.00000   35.34667  6.98%   382 5936s
 581247 312157   36.16822   56 1164   38.00000   35.34742  6.98%   382 5948s
 582331 312795   36.46944   67 1126   38.00000   35.34812  6.98%   382 5960s
 583505 313427   35.71308   44 1136   38.00000   35.34872  6.98%   382 5971s
 584729 314013   35.76997   50 1160   38.00000   35.34929  6.98%   382 5983s
 585974 314620   36.72078   70 1149   38.00000   35.34999  6.97%   382 5995s
 587172 315222   36.70131   63 1092   38.00000   35.35040  6.97%   382 6007s
 588294 315736   35.83661   45 1084   38.00000   35.35092  6.97%   382 6019s
 589579 316387     cutoff   55        38.00000   35.35168  6.97%   382 6031s
 590811 316879     cutoff   59        38.00000   35.35222  6.97%   382 6044s
 592041 317381   35.75419   44  975   38.00000   35.35310  6.97%   382 6057s
 593251 317953   36.59164   50  931   38.00000   35.35352  6.96%   382 6069s
 594603 318668   35.70843   43 1160   38.00000   35.35425  6.96%   382 6080s
 595816 319290   36.50644   52 1133   38.00000   35.35516  6.96%   382 6092s
 596998 319554   36.10253   45 1042   38.00000   35.35582  6.96%   382 6105s
 597520 320264   36.86157   54  731   38.00000   35.35621  6.96%   382 6118s
 598746 320948   35.94933   51 1199   38.00000   35.35688  6.96%   382 6130s
 600022 321645   36.94762   55  898   38.00000   35.35743  6.95%   382 6142s
 601271 322311   36.10886   57 1280   38.00000   35.35815  6.95%   382 6154s
 602497 322981   35.58555   42 1144   38.00000   35.35884  6.95%   382 6166s
 603759 323578   35.84557   47 1068   38.00000   35.35978  6.95%   382 6177s
 604890 324100   35.49060   45 1166   38.00000   35.36009  6.95%   382 6189s
 606151 324703   36.70499   63 1119   38.00000   35.36062  6.95%   382 6201s
 607289 325320   36.66975   53  935   38.00000   35.36115  6.94%   382 6213s
 608551 325909   35.90313   48  989   38.00000   35.36192  6.94%   382 6225s
 609779 326334   36.67898   54 1031   38.00000   35.36253  6.94%   382 6238s
 610630 326993   36.34593   54 1081   38.00000   35.36277  6.94%   382 6250s
 611878 327506   36.16147   49 1127   38.00000   35.36340  6.94%   382 6262s
 613159 328161   35.97988   53 1197   38.00000   35.36393  6.94%   382 6274s
 614352 328581     cutoff   62        38.00000   35.36442  6.94%   382 6287s
 615672 329242   36.03027   49 1157   38.00000   35.36499  6.93%   382 6299s
 616951 329969   36.31204   55 1157   38.00000   35.36570  6.93%   382 6311s
 618264 330611   36.25430   50 1066   38.00000   35.36658  6.93%   382 6323s
 619438 331230     cutoff   60        38.00000   35.36706  6.93%   382 6335s
 620669 331869   35.78383   46 1139   38.00000   35.36764  6.93%   382 6347s
 621882 332611   36.12576   59 1051   38.00000   35.36838  6.93%   382 6359s
 623191 333188   36.11388   51 1123   38.00000   35.36903  6.92%   382 6371s
 624358 333843   35.99009   51 1206   38.00000   35.36943  6.92%   382 6383s
 625441 334337   36.26985   47 1037   38.00000   35.36997  6.92%   383 6395s
 626822 334906     cutoff   70        38.00000   35.37019  6.92%   383 6407s
 627983 335546   36.29674   59 1225   38.00000   35.37088  6.92%   383 6419s
 629201 336111   36.10296   50 1128   38.00000   35.37182  6.92%   383 6430s
 630393 336770   35.76445   46 1173   38.00000   35.37271  6.91%   383 6442s
 631589 337416   36.43384   57 1119   38.00000   35.37327  6.91%   383 6454s
 632865 337949     cutoff   65        38.00000   35.37394  6.91%   383 6465s
 634072 338177   35.88624   51 1199   38.00000   35.37479  6.91%   383 6477s
 634492 338640   36.80723   58 1038   38.00000   35.37495  6.91%   383 6490s
 635832 339326   36.02703   51 1125   38.00000   35.37516  6.91%   383 6502s
 637092 339941     cutoff   67        38.00000   35.37605  6.91%   383 6514s
 638309 340526   35.93574   50 1169   38.00000   35.37670  6.90%   383 6526s
 639451 341174   35.92579   45 1137   38.00000   35.37758  6.90%   383 6538s
 640811 341809     cutoff   66        38.00000   35.37806  6.90%   383 6549s
 641978 342338   36.94054   68 1118   38.00000   35.37869  6.90%   383 6560s
 643022 342909   36.69569   62 1122   38.00000   35.37908  6.90%   383 6571s
 644154 343358   35.87202   50 1151   38.00000   35.37976  6.90%   383 6583s
 645458 343839   35.89286   56 1214   38.00000   35.38024  6.89%   383 6594s
 646740 344569   36.66267   74  988   38.00000   35.38083  6.89%   383 6606s
 647964 344859   36.69166   53  986   38.00000   35.38160  6.89%   383 6618s
 648877 345492   35.73280   47 1125   38.00000   35.38174  6.89%   383 6629s
 650129 346102   35.73430   59 1155   38.00000   35.38241  6.89%   383 6641s
 651382 346698   36.93465   70  969   38.00000   35.38294  6.89%   383 6653s
 652528 347298   36.17406   50 1126   38.00000   35.38354  6.89%   383 6664s
 653715 347995   35.64492   43 1119   38.00000   35.38424  6.88%   383 6676s
 654894 348666   36.88176   74 1134   38.00000   35.38469  6.88%   383 6688s
 656140 349256   36.10955   55 1014   38.00000   35.38561  6.88%   383 6699s
 657422 349770   36.91522   62 1007   38.00000   35.38605  6.88%   383 6711s
 658759 350270   36.27418   49  962   38.00000   35.38652  6.88%   383 6722s
 659919 350816   36.40906   53 1005   38.00000   35.38707  6.88%   383 6733s
 661014 351411   36.01976   54 1168   38.00000   35.38775  6.87%   383 6745s
 662114 351953   35.89683   47 1026   38.00000   35.38826  6.87%   383 6757s
 663356 352454   36.23523   51 1139   38.00000   35.38834  6.87%   383 6769s
 664617 353069   36.72601   65 1128   38.00000   35.38915  6.87%   383 6780s
 665750 353729   36.49701   51 1025   38.00000   35.38967  6.87%   383 6792s
 667004 354352     cutoff   56        38.00000   35.39008  6.87%   383 6803s
 668157 354943   36.19158   51  959   38.00000   35.39076  6.87%   383 6815s
 669353 355698   35.80862   46 1175   38.00000   35.39133  6.86%   383 6827s
 670616 356291   35.83235   53 1241   38.00000   35.39175  6.86%   383 6839s
 671882 356514     cutoff   70        38.00000   35.39234  6.86%   383 6850s
 672298 357146   36.44854   61 1087   38.00000   35.39244  6.86%   383 6862s
 673522 357652   36.14204   57 1182   38.00000   35.39283  6.86%   383 6874s
 674853 358280   36.39574   53 1004   38.00000   35.39357  6.86%   383 6886s
 676126 358916   36.62814   69 1053   38.00000   35.39427  6.86%   383 6898s
 677378 359547   35.77286   50 1214   38.00000   35.39491  6.86%   383 6910s
 678648 360130   36.90895   73 1133   38.00000   35.39542  6.85%   383 6921s
 679835 360826   36.42213   57 1104   38.00000   35.39591  6.85%   383 6932s
 681077 361417   35.96154   57 1140   38.00000   35.39658  6.85%   383 6944s
 682195 361996   36.84570   60  946   38.00000   35.39725  6.85%   383 6955s
 683474 362616   36.25618   52  960   38.00000   35.39777  6.85%   383 6967s
 684562 363198   36.50071   54  985   38.00000   35.39820  6.85%   383 6978s
 685739 363732   36.86599   51 1009   38.00000   35.39878  6.85%   383 6990s
 687022 363865   36.38893   48  944   38.00000   35.39938  6.84%   383 7002s
 687332 364534   36.94998   54  884   38.00000   35.39953  6.84%   383 7014s
 688564 365131   36.76403   54 1042   38.00000   35.40015  6.84%   383 7026s
 689884 365755   36.72779   55  904   38.00000   35.40076  6.84%   383 7038s
 691010 366447   35.80007   51 1188   38.00000   35.40130  6.84%   383 7050s
 692260 367087   36.18764   60 1133   38.00000   35.40192  6.84%   383 7062s
 693489 367840   35.78405   48 1119   38.00000   35.40242  6.84%   383 7074s
 694783 368475   36.67855   54 1086   38.00000   35.40320  6.83%   383 7086s
 696036 368973   36.96529   57  954   38.00000   35.40393  6.83%   383 7098s
 697298 369555   35.90732   45 1099   38.00000   35.40440  6.83%   383 7109s
 698541 370154   36.01981   49 1107   38.00000   35.40507  6.83%   383 7120s
 699716 370740   35.98736   52 1133   38.00000   35.40526  6.83%   383 7132s
 701039 371346   36.63394   59 1094   38.00000   35.40610  6.83%   383 7143s
 702269 371935   35.95576   53 1097   38.00000   35.40668  6.82%   383 7154s
 703449 372566     cutoff   62        38.00000   35.40728  6.82%   383 7166s
 704633 373148   36.15980   53 1061   38.00000   35.40779  6.82%   383 7177s
 705760 373731   36.13614   50 1124   38.00000   35.40844  6.82%   383 7189s
 706905 374393   35.86484   61 1198   38.00000   35.40886  6.82%   383 7200s
 708226 374971     cutoff   68        38.00000   35.40954  6.82%   383 7212s
 709403 375517   36.09222   52 1208   38.00000   35.41008  6.82%   383 7223s
 710502 376166   36.88039   63  944   38.00000   35.41047  6.81%   383 7235s
 711659 376877     cutoff   54        38.00000   35.41109  6.81%   383 7246s
 712954 377531   35.79623   49 1162   38.00000   35.41178  6.81%   383 7258s
 714183 378081   36.94543   61 1013   38.00000   35.41214  6.81%   383 7271s
 715387 378648   36.59886   53 1032   38.00000   35.41262  6.81%   383 7283s
 716454 378934   36.59407   56  986   38.00000   35.41306  6.81%   383 7295s
 717031 379724     cutoff   59        38.00000   35.41322  6.81%   383 7309s
 718498 380476   36.19576   50 1196   38.00000   35.41374  6.81%   383 7322s
 719932 381192 infeasible   58        38.00000   35.41457  6.80%   383 7335s
 721256 381704   36.65131   63 1055   38.00000   35.41509  6.80%   383 7347s
 722542 382353   35.81467   50 1164   38.00000   35.41564  6.80%   383 7359s
 723968 383050     cutoff   66        38.00000   35.41616  6.80%   383 7371s
 725249 383625   36.53247   57 1046   38.00000   35.41688  6.80%   383 7384s
 726410 384271   36.04373   59 1179   38.00000   35.41722  6.80%   383 7396s
 727768 384817   36.68217   62 1033   38.00000   35.41750  6.80%   383 7408s
 728881 385365   35.60564   48 1084   38.00000   35.41817  6.79%   383 7420s
 730058 386047   36.11052   44 1032   38.00000   35.41850  6.79%   383 7432s
 731294 386529   36.72336   52  902   38.00000   35.41904  6.79%   383 7444s
 732629 387123   36.22489   52 1116   38.00000   35.41945  6.79%   383 7455s
 733793 387725   35.64647   51 1290   38.00000   35.42000  6.79%   383 7466s
 734911 388440   36.25157   54 1073   38.00000   35.42030  6.79%   383 7478s
 736178 388952   35.84473   65 1257   38.00000   35.42089  6.79%   383 7489s
 737457 389591   36.20239   50 1041   38.00000   35.42132  6.79%   383 7500s
 738678 389723   36.77229   57 1148   38.00000   35.42190  6.78%   383 7511s
 738920 390393   36.50567   55 1063   38.00000   35.42190  6.78%   383 7523s
 740167 391034   36.43161   52 1082   38.00000   35.42237  6.78%   383 7535s
 741325 391624     cutoff   64        38.00000   35.42288  6.78%   383 7547s
 742508 392324   36.46515   56 1095   38.00000   35.42343  6.78%   383 7559s
 743806 392894   36.24851   54 1197   38.00000   35.42410  6.78%   383 7571s
 744935 393559   36.23120   49  914   38.00000   35.42456  6.78%   383 7583s
 746137 394155   36.27969   52 1022   38.00000   35.42483  6.78%   383 7594s
 747363 394846   36.82443   71 1066   38.00000   35.42551  6.77%   383 7606s
 748611 395470   35.72365   46 1135   38.00000   35.42606  6.77%   383 7618s
 749853 396137     cutoff   67        38.00000   35.42645  6.77%   383 7630s
 751041 396592   36.75490   56  916   38.00000   35.42712  6.77%   383 7642s
 752510 397128   36.04696   52 1106   38.00000   35.42757  6.77%   383 7654s
 753673 397658   36.88754   60  929   38.00000   35.42797  6.77%   383 7665s
 754788 397849     cutoff   62        38.00000   35.42841  6.77%   383 7676s
 755137 398546   35.80279   47 1204   38.00000   35.42841  6.77%   383 7689s
 756439 399191   35.87224   60 1248   38.00000   35.42902  6.77%   383 7701s
 757763 399809   36.58400   49  984   38.00000   35.42945  6.76%   383 7713s
 759088 400380   36.60173   48  984   38.00000   35.42997  6.76%   383 7725s
 760284 401023   36.23849   62 1122   38.00000   35.43052  6.76%   383 7737s
 761523 401735   35.87888   49 1156   38.00000   35.43117  6.76%   383 7748s
 762826 402380   35.91858   46 1054   38.00000   35.43170  6.76%   383 7760s
 764021 403119   36.88241   60  925   38.00000   35.43227  6.76%   383 7772s
 765246 403706   36.93808   66  936   38.00000   35.43287  6.76%   383 7784s
 766545 404294   36.07821   52 1069   38.00000   35.43342  6.75%   383 7795s
 767796 404881   35.70562   47 1177   38.00000   35.43399  6.75%   383 7807s
 769074 405457   36.98100   57  882   38.00000   35.43447  6.75%   383 7819s
 770269 406159   36.84456   55 1044   38.00000   35.43497  6.75%   383 7830s
 771537 406749   36.22321   54 1160   38.00000   35.43557  6.75%   383 7842s
 772713 407379   35.69617   49 1162   38.00000   35.43612  6.75%   383 7853s
 773880 408016   36.04838   55 1214   38.00000   35.43655  6.75%   383 7864s
 775062 408584   36.28867   57 1143   38.00000   35.43707  6.74%   383 7876s
 776231 409161   36.54739   50  929   38.00000   35.43753  6.74%   383 7887s
 777401 409725   36.90720   54 1013   38.00000   35.43804  6.74%   383 7899s
 778563 410303   35.97632   54 1160   38.00000   35.43853  6.74%   383 7911s
 779714 410943   36.54897   51 1048   38.00000   35.43905  6.74%   383 7922s
 780940 411368   36.70429   55  970   38.00000   35.43950  6.74%   383 7934s
 782233 412002   36.72819   54 1058   38.00000   35.43969  6.74%   383 7946s
 783434 412520     cutoff   63        38.00000   35.44031  6.74%   383 7957s
 784669 413189   36.25265   61 1214   38.00000   35.44073  6.73%   383 7969s
 785891 413818   36.49710   60 1071   38.00000   35.44110  6.73%   383 7981s
 787151 414418   36.71291   60 1037   38.00000   35.44164  6.73%   383 7993s
 788354 414724   36.94711   57 1060   38.00000   35.44187  6.73%   383 8000s

Cutting planes:
  Gomory: 5
  Cover: 1044
  Clique: 35
  MIR: 16
  Mixing: 1
  StrongCG: 2
  Flow cover: 144
  Zero half: 32
  RLT: 49
  Relax-and-lift: 6
  BQP: 158

Explored 789110 nodes (302150314 simplex iterations) in 8000.01 seconds (11010.78 work units)
Thread count was 12 (of 12 available processors)

Solution count 10: 38 39 40 ... 47

Time limit reached
Best objective 3.800000000000e+01, best bound 3.600000000000e+01, gap 5.2632%

User-callback calls 1963753, time in user-callback 3.98 sec
Série salva em: plots/hc9u.txt__R1__timeseries.csv
Gráfico salvo em: plots/hc9u.txt__R1__lb_ub.png

[ok] 1 linha(s) salvas em resultado_hc9u.csv
