1 arquivo(s) encontrados em inputs
Cortes por camadas: ativados
camadas_max_por_origem: 0
camadas_max_tamanho: 0

================================================================================
Arquivo: hc9u.txt
================================================================================

[hc9u.txt] ===== R = 1 =====
Set parameter Username
Academic license - for non-commercial use only - expires 2026-08-17
[hc9u.txt | R=1] Cortes por camadas: 128 adicionados | 0 duplicados | 0 ignorados por tamanho | tam_min=9 | tam_max=9 | tam_media=9.00 | dmin_min=2 | dmin_max=2 | dmin_media=2.00
Set parameter TimeLimit to value 3600
Gurobi Optimizer version 12.0.3 build v12.0.3rc0 (linux64 - "Linux Mint 22.1")

CPU model: 13th Gen Intel(R) Core(TM) i5-13420H, instruction set [SSE2|AVX|AVX2]
Thread count: 12 physical cores, 12 logical processors, using up to 12 threads

Non-default parameters:
TimeLimit  3600

Optimize a model with 1664 rows, 5120 columns and 20608 nonzeros
Model fingerprint: 0x165df77e
Variable types: 0 continuous, 5120 integer (512 binary)
Coefficient statistics:
  Matrix range     [1e+00, 1e+02]
  Objective range  [1e+00, 1e+00]
  Bounds range     [1e+00, 1e+00]
  RHS range        [1e+00, 1e+00]
Presolve time: 0.01s
Presolved: 1664 rows, 5120 columns, 20608 nonzeros
Variable types: 0 continuous, 5120 integer (512 binary)

Root relaxation: objective 2.403229e+01, 1952 iterations, 0.03 seconds (0.05 work units)

    Nodes    |    Current Node    |     Objective Bounds      |     Work
 Expl Unexpl |  Obj  Depth IntInf | Incumbent    BestBd   Gap | It/Node Time

     0     0   24.03229    0  125          -   24.03229      -     -    0s
H    0     0                     119.0000000   24.03229  79.8%     -    0s
H    0     0                     118.0000000   24.03229  79.6%     -    0s
H    0     0                      81.0000000   24.03229  70.3%     -    0s
H    0     0                      78.0000000   24.03229  69.2%     -    0s
H    0     0                      53.0000000   24.03229  54.7%     -    0s
H    0     0                      52.0000000   24.03229  53.8%     -    0s
H    0     0                      51.0000000   24.03229  52.9%     -    0s
H    0     0                      50.0000000   24.03229  51.9%     -    0s
     0     0   24.31849    0  636   50.00000   24.31849  51.4%     -    0s
     0     0   24.33018    0  499   50.00000   24.33018  51.3%     -    0s
     0     0   24.33018    0  388   50.00000   24.33018  51.3%     -    0s
     0     0   24.33018    0  366   50.00000   24.33018  51.3%     -    0s
     0     0   24.86226    0  715   50.00000   24.86226  50.3%     -    0s
     0     0   24.89134    0  846   50.00000   24.89134  50.2%     -    0s
     0     0   24.90913    0  861   50.00000   24.90913  50.2%     -    0s
     0     0   24.91544    0  864   50.00000   24.91544  50.2%     -    1s
     0     0   24.91650    0  861   50.00000   24.91650  50.2%     -    1s
     0     0   24.91679    0  846   50.00000   24.91679  50.2%     -    1s
     0     0   25.72730    0  923   50.00000   25.72730  48.5%     -    1s
     0     0   25.92242    0 1035   50.00000   25.92242  48.2%     -    2s
     0     0   25.94396    0 1118   50.00000   25.94396  48.1%     -    2s
     0     0   25.94890    0 1153   50.00000   25.94890  48.1%     -    2s
     0     0   25.95275    0 1180   50.00000   25.95275  48.1%     -    3s
     0     0   25.95368    0 1191   50.00000   25.95368  48.1%     -    3s
     0     0   26.39176    0 1264   50.00000   26.39176  47.2%     -    5s
     0     0   26.42938    0 1385   50.00000   26.42938  47.1%     -    6s
     0     0   26.44078    0 1463   50.00000   26.44078  47.1%     -    6s
     0     0   26.44588    0 1530   50.00000   26.44588  47.1%     -    7s
     0     0   26.45010    0 1554   50.00000   26.45010  47.1%     -    7s
     0     0   26.45173    0 1591   50.00000   26.45173  47.1%     -    8s
     0     0   26.85559    0 1620   50.00000   26.85559  46.3%     -   10s
H    0     0                      49.0000000   26.88207  45.1%     -   12s
     0     0   26.88207    0 1704   49.00000   26.88207  45.1%     -   12s
     0     0   26.89424    0 1798   49.00000   26.89424  45.1%     -   13s
     0     0   26.89652    0 1850   49.00000   26.89652  45.1%     -   13s
     0     0   27.14574    0 1876   49.00000   27.14574  44.6%     -   16s
     0     0   27.16566    0 1983   49.00000   27.16566  44.6%     -   18s
     0     0   27.17368    0 2047   49.00000   27.17368  44.5%     -   19s
     0     0   27.17673    0 2095   49.00000   27.17673  44.5%     -   20s
     0     0   27.26149    0 2061   49.00000   27.26149  44.4%     -   24s
     0     0   27.28218    0 2193   49.00000   27.28218  44.3%     -   27s
     0     0   27.28903    0 2255   49.00000   27.28903  44.3%     -   28s
H    0     0                      47.0000000   27.29140  41.9%     -   28s
H    0     0                      46.0000000   27.29140  40.7%     -   28s
H    0     0                      45.0000000   27.29140  39.4%     -   28s
     0     0   27.29140    0 2285   45.00000   27.29140  39.4%     -   29s
     0     0   27.39212    0 2163   45.00000   27.39212  39.1%     -   32s
     0     0   27.45905    0 2210   45.00000   27.45905  39.0%     -   34s
     0     0   27.47420    0 2301   45.00000   27.47420  38.9%     -   36s
     0     0   27.48806    0 2278   45.00000   27.48806  38.9%     -   37s
     0     0   27.49348    0 2373   45.00000   27.49348  38.9%     -   38s
     0     0   27.62406    0 2323   45.00000   27.62406  38.6%     -   43s
     0     0   27.63595    0 2370   45.00000   27.63595  38.6%     -   45s
     0     0   27.63927    0 2427   45.00000   27.63927  38.6%     -   46s
     0     0   27.75039    0 2348   45.00000   27.75039  38.3%     -   49s
     0     0   27.81172    0 2386   45.00000   27.81172  38.2%     -   52s
     0     0   27.82401    0 2482   45.00000   27.82401  38.2%     -   54s
     0     0   27.82618    0 2485   45.00000   27.82618  38.2%     -   55s
     0     0   27.88844    0 2460   45.00000   27.88844  38.0%     -   59s
     0     0   27.90996    0 2505   45.00000   27.90996  38.0%     -   62s
     0     0   27.91716    0 2610   45.00000   27.91716  38.0%     -   64s
     0     0   27.94994    0 2512   45.00000   27.94994  37.9%     -   67s
     0     0   27.95006    0 2507   45.00000   27.95006  37.9%     -   67s
H    0     0                      44.0000000   27.95006  36.5%     -   77s
     0     2   27.95006    0 2503   44.00000   27.95006  36.5%     -   78s
     1     4   28.04022    1 2303   44.00000   27.95006  36.5%  3555   80s
     3     6   28.68215    2 2369   44.00000   28.04026  36.3%  4509   86s
     5    12   29.14215    3 2472   44.00000   28.04026  36.3%  5709   93s
    11    24   29.20578    4 2414   44.00000   28.18556  35.9%  6056  110s
    23    34   29.25389    5 2412   44.00000   28.30844  35.7%  7923  132s
    33    59   29.31425    6 2371   44.00000   28.30844  35.7%  8412  149s
    58    80   29.38997    8 2353   44.00000   28.30844  35.7%  7000  170s
    79   106   29.84772    8 2293   44.00000   28.30844  35.7%  6679  187s
   105   127   29.98867    9 2293   44.00000   28.30844  35.7%  6323  206s
   126   151   29.57418   10 2328   44.00000   28.30844  35.7%  6177  224s
   150   162   29.66691   11 2299   44.00000   28.30844  35.7%  6056  238s
   161   177   29.68041   12 2317   44.00000   28.30844  35.7%  5889  251s
   176   198   29.72578   13 2273   44.00000   28.30844  35.7%  5802  271s
   197   221   29.80666   14 2281   44.00000   28.30844  35.7%  5776  287s
H  219   221                      43.0000000   28.30844  34.2%  5647  287s
   220   240   30.19470   14 2178   43.00000   28.30844  34.2%  5680  306s
   239   268   30.22389   15 2217   43.00000   28.30844  34.2%  5699  326s
   267   294   30.37094   17 2181   43.00000   28.30844  34.2%  5598  344s
   293   317   30.62692   18 2128   43.00000   28.30844  34.2%  5488  361s
   316   329   30.60765   20 2139   43.00000   28.30844  34.2%  5428  373s
H  323   329                      42.0000000   28.30844  32.6%  5404  373s
   328   341   30.96474   20 2005   42.00000   28.30844  32.6%  5430  385s
   340   353   30.66905   21 2100   42.00000   28.30844  32.6%  5388  398s
   352   367   30.76665   22 2092   42.00000   28.30844  32.6%  5355  413s
   366   379   30.99730   22 2079   42.00000   28.30844  32.6%  5329  426s
   378   395   30.83269   23 2077   42.00000   28.30844  32.6%  5310  441s
   394   420   30.87678   24 2037   42.00000   28.30844  32.6%  5240  458s
   419   459   31.01070   25 1979   42.00000   28.30844  32.6%  5208  476s
   458   502   31.19906   26 1990   42.00000   28.30844  32.6%  5161  496s
   501   545   31.35391   28 1946   42.00000   28.30844  32.6%  5094  518s
   544   591   31.49759   30 1917   42.00000   28.30844  32.6%  5095  540s
   590   651   31.75210   31 1860   42.00000   28.30844  32.6%  5109  563s
   650   666   32.02310   33 1808   42.00000   28.30844  32.6%  5014  583s
   665   715   31.93255   34 1852   42.00000   28.30844  32.6%  4999  605s
   714   784   32.10614   36 1849   42.00000   28.30844  32.6%  4957  628s
   783   865   32.41327   40 1792   42.00000   28.30844  32.6%  4851  651s
   864   919   32.72089   42 1717   42.00000   28.30844  32.6%  4715  669s
   918  1022   32.71871   44 1765   42.00000   28.30844  32.6%  4597  688s
  1021  1106   33.08658   46 1715   42.00000   28.30844  32.6%  4392  706s
  1105  1186   33.34336   48 1652   42.00000   28.30844  32.6%  4225  724s
  1185  1323   33.27015   48 1700   42.00000   28.30844  32.6%  4052  741s
  1322  1503   33.54438   50 1671   42.00000   28.30844  32.6%  3825  758s
  1502  1706   34.32195   53 1550   42.00000   28.30844  32.6%  3567  774s
  1707  1973   34.63743   58 1518   42.00000   28.30844  32.6%  3316  788s
  1974  1997   35.23595   62 1385   42.00000   28.30844  32.6%  3000  805s
  1998  2221   35.45952   63 1302   42.00000   28.30844  32.6%  2982  823s
  2222  2555   35.63113   64 1331   42.00000   28.30844  32.6%  2728  835s
  2568  2879   36.35389   68 1261   42.00000   28.30844  32.6%  2456  847s
  2906  3174   37.41829   73 1144   42.00000   28.30844  32.6%  2227  859s
  3229  3338   38.95815   80  991   42.00000   28.30844  32.6%  2057  881s
  3426  3452   40.17531   98  804   42.00000   28.30844  32.6%  2000  903s
  3547  3453   36.30273  143 2507   42.00000   28.30844  32.6%  1986  933s
  3550  3455   34.53852  224 1086   42.00000   28.30844  32.6%  1985  935s
  3552  3456   38.78316  298 2051   42.00000   28.30844  32.6%  1983  946s
  3553  3457   32.42849  109 2230   42.00000   28.30844  32.6%  1983  954s
  3554  3458   33.48438  159 2296   42.00000   28.30844  32.6%  1982  961s
  3555  3458   38.54913  267 2405   42.00000   28.30844  32.6%  1982  966s
  3556  3459   32.51905   51 2452   42.00000   28.30844  32.6%  1981  971s
  3558  3460   32.44523  118 2567   42.00000   28.30844  32.6%  1980  975s
  3560  3462   38.32007  155 2645   42.00000   28.30844  32.6%  1979  985s
  3561  3462   34.53155  245 2554   42.00000   28.37368  32.4%  1978 1001s
  3562  3463   31.01916   26 2553   42.00000   28.61474  31.9%  1978 1008s
  3563  3464   40.41627  261 2588   42.00000   28.79643  31.4%  1977 1018s
  3564  3464   36.76489   91 2623   42.00000   28.85109  31.3%  1977 1027s
  3565  3465   35.43449  197 2676   42.00000   28.88048  31.2%  1976 1033s
  3566  3466   31.52358   35 2686   42.00000   28.89633  31.2%  1976 1044s
  3567  3466   33.28087   59 2732   42.00000   28.90342  31.2%  1975 1050s
  3570  3468   30.38143   11 2759   42.00000   28.91164  31.2%  1973 1071s
  3571  3469   35.88590  164 2576   42.00000   29.25433  30.3%  1973 1098s
  3572  3470   33.47821  158 2619   42.00000   29.27920  30.3%  1972 1105s
  3574  3471   38.46630  265 2691   42.00000   29.36133  30.1%  1971 1118s
  3575  3472   32.54314   98 2700   42.00000   29.36742  30.1%  1971 1127s
  3576  3472   35.86632   92 2768   42.00000   29.36969  30.1%  1970 1131s
  3577  3473   37.51856  276 2721   42.00000   29.37093  30.1%  1970 1151s
  3578  3474   33.37027  105 2486   42.00000   29.76280  29.1%  1969 1187s
  3579  3474   32.33866   81 2504   42.00000   29.87537  28.9%  1968 1193s
  3580  3475   33.33220  139 2514   42.00000   29.91537  28.8%  1968 1204s
  3581  3476   35.52726  242 2545   42.00000   29.93921  28.7%  1967 1212s
  3582  3476   35.90499  179 2559   42.00000   29.95145  28.7%  1967 1219s
  3583  3477   31.94318   46 2582   42.00000   29.96321  28.7%  1966 1230s
  3584  3478   40.33220  289 2603   42.00000   29.97162  28.6%  1966 1242s
  3585  3478   30.48206   26 2628   42.00000   29.97577  28.6%  1965 1250s
  3587  3480   36.55940  258 2669   42.00000   29.97998  28.6%  1964 1276s
  3588  3480   35.44626  208 2430   42.00000   30.15864  28.2%  1963 1306s
  3589  3481   31.68506   41 2443   42.00000   30.22883  28.0%  1963 1315s
  3590  3482   33.33321   58 2459   42.00000   30.25581  28.0%  1962 1326s
  3591  3482   33.52560  187 2509   42.00000   30.26818  27.9%  1962 1334s
  3592  3483   31.57382   40 2559   42.00000   30.27362  27.9%  1961 1345s
  3593  3484   32.40195   89 2550   42.00000   30.27759  27.9%  1961 1354s
  3594  3484   34.52815  206 2582   42.00000   30.28120  27.9%  1960 1356s
  3595  3485   35.29142   86 2647   42.00000   30.28357  27.9%  1960 1360s
  3596  3486   34.51182  194 2650   42.00000   30.28463  27.9%  1959 1379s
  3597  3486   36.39924  134 2521   42.00000   30.31977  27.8%  1959 1407s
  3598  3487   33.51031  175 2537   42.00000   30.32625  27.8%  1958 1415s
  3600  3488   36.34546  232 2631   42.00000   30.33155  27.8%  1957 1433s
  3601  3489   38.36877  183 2569   42.00000   30.35772  27.7%  1956 1456s
  3603  3490   35.33757  150 2632   42.00000   30.37661  27.7%  1955 1462s
  3604  3491   34.46786  171 2610   42.00000   30.37815  27.7%  1955 1483s
  3605  3492   30.89122   31 2537   42.00000   30.39484  27.6%  1954 1510s
  3606  3492   34.53221  199 2568   42.00000   30.40229  27.6%  1954 1518s
  3607  3493   30.64228   34 2579   42.00000   30.40495  27.6%  1953 1522s
  3608  3494   32.33225   75 2625   42.00000   30.40648  27.6%  1953 1544s
  3609  3494   30.58094   21 2491   42.00000   30.45188  27.5%  1952 1568s
  3610  3495   30.46067   13 2512   42.00000   30.46067  27.5%  1952 1578s
  3611  3496   35.86046  136 2549   42.00000   30.46415  27.5%  1951 1583s
  3612  3496   30.46710   20 2589   42.00000   30.46710  27.5%  1950 1585s
  3613  3497   38.40539  206 2621   42.00000   30.46854  27.5%  1950 1604s
  3614  3498   32.45136   37 2554   42.00000   30.47609  27.4%  1949 1639s
  3615  3498   31.33156   52 2594   42.00000   30.48074  27.4%  1949 1643s
  3616  3499   40.37573  251 2579   42.00000   30.48312  27.4%  1948 1645s
  3617  3500   40.36778  248 2588   42.00000   30.48399  27.4%  1948 1670s
  3618  3500   34.32977  131 2578   42.00000   30.48828  27.4%  1947 1700s
  3619  3501   32.46184  123 2612   42.00000   30.49019  27.4%  1947 1705s
  3620  3502   35.51514  234 2572   42.00000   30.49129  27.4%  1946 1729s
  3621  3502   34.40653  162 2609   42.00000   30.49245  27.4%  1946 1756s
  3627  3508   38.47838  266 1057   42.00000   30.49245  27.4%  2022 1761s
  3628  3509   32.43949  115 1559   42.00000   30.49245  27.4%  2022 1768s
  3629  3509   35.63113   65 1761   42.00000   30.49245  27.4%  2021 1778s
  3630  3510   37.30367  255 1875   42.00000   30.49245  27.4%  2021 1791s
  3631  3511   40.01111   89 1918   42.00000   30.49246  27.4%  2020 1805s
  3632  3511   31.33105   52 2010   42.00000   30.49248  27.4%  2020 1816s
  3633  3512   38.35333  174 2066   42.00000   30.49248  27.4%  2019 1826s
  3634  3513   40.53218  286 2178   42.00000   30.53004  27.3%  2019 1840s
  3635  3513   38.36543  178 2256   42.00000   30.53004  27.3%  2018 1847s
  3636  3514   31.70039   46 2279   42.00000   30.53004  27.3%  2017 1853s
  3637  3515   36.35267  222 2372   42.00000   30.53004  27.3%  2017 1861s
  3638  3515   32.36878   48 2429   42.00000   30.53004  27.3%  2016 1866s
  3639  3516   38.72787  112 2453   42.00000   30.53004  27.3%  2016 1872s
  3640  3517   34.36917   76 2510   42.00000   30.53004  27.3%  2015 1887s
  3641  3517   32.10639   37 2510   42.00000   30.53004  27.3%  2015 1913s
  3642  3518   33.41432   48 2577   42.00000   30.53004  27.3%  2014 1937s
  3643  3519   30.53004   42 2620   42.00000   30.53004  27.3%  2014 1963s
  3644  3519   33.48015   74 2582   42.00000   30.53004  27.3%  2013 1980s
  3645  3520   32.31433   50 2553   42.00000   30.53004  27.3%  2012 2008s
  3646  3521   36.37296  117 2534   42.00000   30.53004  27.3%  2012 2019s
  3647  3521   36.30273  143 2534   42.00000   30.53004  27.3%  2011 2036s
  3648  3525   30.53004   25 2417   42.00000   30.53004  27.3%  2038 2051s
  3650  3528   30.53078   26 2359   42.00000   30.53004  27.3%  2040 2070s
  3654  3535   30.53569   27 2423   42.00000   30.53082  27.3%  2044 2098s
  3662  3544   30.54538   28 2504   42.00000   30.53570  27.3%  2055 2131s
  3674  3551   30.56430   29 2544   42.00000   30.54540  27.3%  2076 2173s
  3685  3572   30.56433   30 2528   42.00000   30.54540  27.3%  2091 2213s
  3709  3591   30.78309   31 2500   42.00000   30.54540  27.3%  2118 2237s
  3736  3594   30.81951   32 2517   42.00000   30.54540  27.3%  2150 2250s
  3748  3610   30.96283   32 2379   42.00000   30.54540  27.3%  2162 2268s
  3768  3625   31.13726   33 2360   42.00000   30.54540  27.3%  2185 2287s
  3790  3644   31.17474   34 2308   42.00000   30.54540  27.3%  2212 2308s
  3816  3658   31.22109   35 2326   42.00000   30.54540  27.3%  2235 2329s
  3839  3662   31.43105   35 2204   42.00000   30.54540  27.3%  2259 2341s
  3851  3677   31.26385   36 2296   42.00000   30.54540  27.3%  2273 2355s
  3870  3683   31.50844   36 2247   42.00000   30.54540  27.3%  2285 2367s
  3882  3695   31.32855   37 2307   42.00000   30.54540  27.3%  2297 2381s
  3898  3716   31.37645   38 2210   42.00000   30.54540  27.3%  2309 2396s
  3924  3735   31.41874   39 2221   42.00000   30.54540  27.3%  2317 2411s
  3952  3757   31.67267   39 2122   42.00000   30.54540  27.3%  2329 2427s
  3983  3759   31.43961   40 2191   42.00000   30.54540  27.3%  2338 2441s
  3996  3775   31.80513   40 2081   42.00000   30.54540  27.3%  2350 2454s
  4016  3797   31.46958   41 2207   42.00000   30.54540  27.3%  2360 2469s
  4045  3825   31.56813   41 2121   42.00000   30.54540  27.3%  2378 2484s
  4082  3852   31.90491   42 2052   42.00000   30.54540  27.3%  2396 2499s
  4122  3879   31.72372   43 2119   42.00000   30.54540  27.3%  2411 2515s
  4162  3878   31.82374   44 2031   42.00000   30.54540  27.3%  2429 2541s
  4174  3886   31.55957   45 2087   42.00000   30.54540  27.3%  2434 2579s
  4186  3894   31.74076   45 2083   42.00000   30.54540  27.3%  2441 2598s
  4198  3902   31.62753   46 2036   42.00000   30.54540  27.3%  2448 2616s
  4210  3910   31.67209   46 2065   42.00000   30.54540  27.3%  2455 2635s
  4222  3918   31.68435   47 2059   42.00000   30.54540  27.3%  2462 2654s
  4234  3926   31.94400   47 1980   42.00000   30.54540  27.3%  2468 2671s
  4246  3934   31.76001   48 2031   42.00000   30.54540  27.3%  2475 2691s
  4258  3942   31.89729   48 2000   42.00000   30.54540  27.3%  2480 2712s
  4270  3950   31.78946   49 2050   42.00000   30.54540  27.3%  2485 2733s
  4282  3958   32.03657   49 1988   42.00000   30.54540  27.3%  2490 2754s
  4294  3966   31.80633   50 2028   42.00000   30.54540  27.3%  2494 2776s
  4306  3995   32.22697   50 1998   42.00000   30.54540  27.3%  2500 2799s
  4339  4019   31.82894   51 2056   42.00000   30.54540  27.3%  2497 2820s
  4374  4072   32.03719   51 1983   42.00000   30.54540  27.3%  2492 2839s
  4439  4115   31.84235   52 1988   42.00000   30.54540  27.3%  2485 2862s
  4504  4188   31.96702   53 1975   42.00000   30.54540  27.3%  2482 2884s
  4598  4267   31.97549   54 2000   42.00000   30.54540  27.3%  2489 2904s
  4709  4305   32.33863   57 1683   42.00000   30.54540  27.3%  2491 2927s
  4784  4388   32.33909   58 1708   42.00000   30.54540  27.3%  2471 2947s
  4892  4495   32.35784   61 1614   42.00000   30.54540  27.3%  2462 2968s
  5035  4624   32.37896   64 1450   42.00000   30.54540  27.3%  2454 2987s
  5211  4789   32.38775   68 1439   42.00000   30.54540  27.3%  2428 3005s
  5435  4970   32.40595   74 1383   42.00000   30.54540  27.3%  2381 3025s
  5693  5197   32.41598   79 1269   42.00000   30.54540  27.3%  2321 3042s
  6008  5334   32.43131   84 1212   42.00000   30.54540  27.3%  2242 3059s
  6264  5603   34.51037   86  996   42.00000   30.54540  27.3%  2168 3078s
  6680  5752   32.46691   93 1130   42.00000   30.54540  27.3%  2071 3099s
  7005  6044   32.48296   99 1067   42.00000   30.54540  27.3%  2001 3115s
  7407  6253   32.49943  108 1004   42.00000   30.54540  27.3%  1924 3130s
  7793  6491   32.50439  111  914   42.00000   30.54540  27.3%  1845 3148s
  8183  6649   32.52842  124  910   42.00000   30.54540  27.3%  1780 3163s
  8495  6904   32.54593  133  912   42.00000   30.54540  27.3%  1728 3178s
  8876  6975   32.58507  150  749   42.00000   30.54540  27.3%  1674 3194s
  9114  7171   32.64079  167  672   42.00000   30.54540  27.3%  1646 3210s
  9394  7474   33.63516  190  587   42.00000   30.54540  27.3%  1615 3229s
  9806  7779   33.76430  238  330   42.00000   30.54540  27.3%  1569 3249s
 10266  7875   38.02378  289  179   42.00000   30.54540  27.3%  1518 3283s
 10585  7932   31.42091   35 2062   42.00000   30.54540  27.3%  1491 3328s
 10779  8060   32.31374   39 1725   42.00000   30.54540  27.3%  1489 3368s
 10974  8293   33.23248   42 1481   42.00000   30.54540  27.3%  1479 3420s
 11305  8437   33.30357   59 1278   42.00000   30.54540  27.3%  1461 3452s
 11586  8705   33.38924  105  980   42.00000   30.54540  27.3%  1448 3499s
 11952  8971   36.57052  238  275   42.00000   30.54540  27.3%  1429 3551s
 12392  8970   31.29889   30 2054   42.00000   30.61258  27.1%  1402 3597s
 12603  8906   38.09685   98 1078   42.00000   30.63427  27.1%  1405 3600s

Cutting planes:
  Cover: 43
  MIR: 759
  Flow cover: 3888
  Flow path: 510
  Zero half: 174
  Network: 2
  Relax-and-lift: 1

Explored 12613 nodes (17855901 simplex iterations) in 3600.02 seconds (2943.76 work units)
Thread count was 12 (of 12 available processors)

Solution count 10: 42 43 44 ... 52

Time limit reached
Best objective 4.200000000000e+01, best bound 3.100000000000e+01, gap 26.1905%

User-callback calls 359593, time in user-callback 5.90 sec
Série salva em: plots/hc9u.txt__R1__timeseries_camadas.csv
Gráfico salvo em: plots/hc9u.txt__R1__lb_ub_camadas.png

[ok] 1 linha(s) salvas em results/results_min_station_das_camadas.csv
