N 512
M 4608
R 1
# u v length
1 257 1.0
257 1 1.0
1 129 1.0
129 1 1.0
1 65 1.0
65 1 1.0
1 33 1.0
33 1 1.0
1 17 1.0
17 1 1.0
1 9 1.0
9 1 1.0
1 5 1.0
5 1 1.0
1 3 1.0
3 1 1.0
1 2 1.0
2 1 1.0
2 258 1.0
258 2 1.0
2 130 1.0
130 2 1.0
2 66 1.0
66 2 1.0
2 34 1.0
34 2 1.0
2 18 1.0
18 2 1.0
2 10 1.0
10 2 1.0
2 6 1.0
6 2 1.0
2 4 1.0
4 2 1.0
3 259 1.0
259 3 1.0
3 131 1.0
131 3 1.0
3 67 1.0
67 3 1.0
3 35 1.0
35 3 1.0
3 19 1.0
19 3 1.0
3 11 1.0
11 3 1.0
3 7 1.0
7 3 1.0
3 4 1.0
4 3 1.0
4 260 1.0
260 4 1.0
4 132 1.0
132 4 1.0
4 68 1.0
68 4 1.0
4 36 1.0
36 4 1.0
4 20 1.0
20 4 1.0
4 12 1.0
12 4 1.0
4 8 1.0
8 4 1.0
5 261 1.0
261 5 1.0
5 133 1.0
133 5 1.0
5 69 1.0
69 5 1.0
5 37 1.0
37 5 1.0
5 21 1.0
21 5 1.0
5 13 1.0
13 5 1.0
5 7 1.0
7 5 1.0
5 6 1.0
6 5 1.0
6 262 1.0
262 6 1.0
6 134 1.0
134 6 1.0
6 70 1.0
70 6 1.0
6 38 1.0
38 6 1.0
6 22 1.0
22 6 1.0
6 14 1.0
14 6 1.0
6 8 1.0
8 6 1.0
7 263 1.0
263 7 1.0
7 135 1.0
135 7 1.0
7 71 1.0
71 7 1.0
7 39 1.0
39 7 1.0
7 23 1.0
23 7 1.0
7 15 1.0
15 7 1.0
7 8 1.0
8 7 1.0
8 264 1.0
264 8 1.0
8 136 1.0
136 8 1.0
8 72 1.0
72 8 1.0
8 40 1.0
40 8 1.0
8 24 1.0
24 8 1.0
8 16 1.0
16 8 1.0
9 265 1.0
265 9 1.0
9 137 1.0
137 9 1.0
9 73 1.0
73 9 1.0
9 41 1.0
41 9 1.0
9 25 1.0
25 9 1.0
9 13 1.0
13 9 1.0
9 11 1.0
11 9 1.0
9 10 1.0
10 9 1.0
10 266 1.0
266 10 1.0
10 138 1.0
138 10 1.0
10 74 1.0
74 10 1.0
10 42 1.0
42 10 1.0
10 26 1.0
26 10 1.0
10 14 1.0
14 10 1.0
10 12 1.0
12 10 1.0
11 267 1.0
267 11 1.0
11 139 1.0
139 11 1.0
11 75 1.0
75 11 1.0
11 43 1.0
43 11 1.0
11 27 1.0
27 11 1.0
11 15 1.0
15 11 1.0
11 12 1.0
12 11 1.0
12 268 1.0
268 12 1.0
12 140 1.0
140 12 1.0
12 76 1.0
76 12 1.0
12 44 1.0
44 12 1.0
12 28 1.0
28 12 1.0
12 16 1.0
16 12 1.0
13 269 1.0
269 13 1.0
13 141 1.0
141 13 1.0
13 77 1.0
77 13 1.0
13 45 1.0
45 13 1.0
13 29 1.0
29 13 1.0
13 15 1.0
15 13 1.0
13 14 1.0
14 13 1.0
14 270 1.0
270 14 1.0
14 142 1.0
142 14 1.0
14 78 1.0
78 14 1.0
14 46 1.0
46 14 1.0
14 30 1.0
30 14 1.0
14 16 1.0
16 14 1.0
15 271 1.0
271 15 1.0
15 143 1.0
143 15 1.0
15 79 1.0
79 15 1.0
15 47 1.0
47 15 1.0
15 31 1.0
31 15 1.0
15 16 1.0
16 15 1.0
16 272 1.0
272 16 1.0
16 144 1.0
144 16 1.0
16 80 1.0
80 16 1.0
16 48 1.0
48 16 1.0
16 32 1.0
32 16 1.0
17 273 1.0
273 17 1.0
17 145 1.0
145 17 1.0
17 81 1.0
81 17 1.0
17 49 1.0
49 17 1.0
17 25 1.0
25 17 1.0
17 21 1.0
21 17 1.0
17 19 1.0
19 17 1.0
17 18 1.0
18 17 1.0
18 274 1.0
274 18 1.0
18 146 1.0
146 18 1.0
18 82 1.0
82 18 1.0
18 50 1.0
50 18 1.0
18 26 1.0
26 18 1.0
18 22 1.0
22 18 1.0
18 20 1.0
20 18 1.0
19 275 1.0
275 19 1.0
19 147 1.0
147 19 1.0
19 83 1.0
83 19 1.0
19 51 1.0
51 19 1.0
19 27 1.0
27 19 1.0
19 23 1.0
23 19 1.0
19 20 1.0
20 19 1.0
20 276 1.0
276 20 1.0
20 148 1.0
148 20 1.0
20 84 1.0
84 20 1.0
20 52 1.0
52 20 1.0
20 28 1.0
28 20 1.0
20 24 1.0
24 20 1.0
21 277 1.0
277 21 1.0
21 149 1.0
149 21 1.0
21 85 1.0
85 21 1.0
21 53 1.0
53 21 1.0
21 29 1.0
29 21 1.0
21 23 1.0
23 21 1.0
21 22 1.0
22 21 1.0
22 278 1.0
278 22 1.0
22 150 1.0
150 22 1.0
22 86 1.0
86 22 1.0
22 54 1.0
54 22 1.0
22 30 1.0
30 22 1.0
22 24 1.0
24 22 1.0
23 279 1.0
279 23 1.0
23 151 1.0
151 23 1.0
23 87 1.0
87 23 1.0
23 55 1.0
55 23 1.0
23 31 1.0
31 23 1.0
23 24 1.0
24 23 1.0
24 280 1.0
280 24 1.0
24 152 1.0
152 24 1.0
24 88 1.0
88 24 1.0
24 56 1.0
56 24 1.0
24 32 1.0
32 24 1.0
25 281 1.0
281 25 1.0
25 153 1.0
153 25 1.0
25 89 1.0
89 25 1.0
25 57 1.0
57 25 1.0
25 29 1.0
29 25 1.0
25 27 1.0
27 25 1.0
25 26 1.0
26 25 1.0
26 282 1.0
282 26 1.0
26 154 1.0
154 26 1.0
26 90 1.0
90 26 1.0
26 58 1.0
58 26 1.0
26 30 1.0
30 26 1.0
26 28 1.0
28 26 1.0
27 283 1.0
283 27 1.0
27 155 1.0
155 27 1.0
27 91 1.0
91 27 1.0
27 59 1.0
59 27 1.0
27 31 1.0
31 27 1.0
27 28 1.0
28 27 1.0
28 284 1.0
284 28 1.0
28 156 1.0
156 28 1.0
28 92 1.0
92 28 1.0
28 60 1.0
60 28 1.0
28 32 1.0
32 28 1.0
29 285 1.0
285 29 1.0
29 157 1.0
157 29 1.0
29 93 1.0
93 29 1.0
29 61 1.0
61 29 1.0
29 31 1.0
31 29 1.0
29 30 1.0
30 29 1.0
30 286 1.0
286 30 1.0
30 158 1.0
158 30 1.0
30 94 1.0
94 30 1.0
30 62 1.0
62 30 1.0
30 32 1.0
32 30 1.0
31 287 1.0
287 31 1.0
31 159 1.0
159 31 1.0
31 95 1.0
95 31 1.0
31 63 1.0
63 31 1.0
31 32 1.0
32 31 1.0
32 288 1.0
288 32 1.0
32 160 1.0
160 32 1.0
32 96 1.0
96 32 1.0
32 64 1.0
64 32 1.0
33 289 1.0
289 33 1.0
33 161 1.0
161 33 1.0
33 97 1.0
97 33 1.0
33 49 1.0
49 33 1.0
33 41 1.0
41 33 1.0
33 37 1.0
37 33 1.0
33 35 1.0
35 33 1.0
33 34 1.0
34 33 1.0
34 290 1.0
290 34 1.0
34 162 1.0
162 34 1.0
34 98 1.0
98 34 1.0
34 50 1.0
50 34 1.0
34 42 1.0
42 34 1.0
34 38 1.0
38 34 1.0
34 36 1.0
36 34 1.0
35 291 1.0
291 35 1.0
35 163 1.0
163 35 1.0
35 99 1.0
99 35 1.0
35 51 1.0
51 35 1.0
35 43 1.0
43 35 1.0
35 39 1.0
39 35 1.0
35 36 1.0
36 35 1.0
36 292 1.0
292 36 1.0
36 164 1.0
164 36 1.0
36 100 1.0
100 36 1.0
36 52 1.0
52 36 1.0
36 44 1.0
44 36 1.0
36 40 1.0
40 36 1.0
37 293 1.0
293 37 1.0
37 165 1.0
165 37 1.0
37 101 1.0
101 37 1.0
37 53 1.0
53 37 1.0
37 45 1.0
45 37 1.0
37 39 1.0
39 37 1.0
37 38 1.0
38 37 1.0
38 294 1.0
294 38 1.0
38 166 1.0
166 38 1.0
38 102 1.0
102 38 1.0
38 54 1.0
54 38 1.0
38 46 1.0
46 38 1.0
38 40 1.0
40 38 1.0
39 295 1.0
295 39 1.0
39 167 1.0
167 39 1.0
39 103 1.0
103 39 1.0
39 55 1.0
55 39 1.0
39 47 1.0
47 39 1.0
39 40 1.0
40 39 1.0
40 296 1.0
296 40 1.0
40 168 1.0
168 40 1.0
40 104 1.0
104 40 1.0
40 56 1.0
56 40 1.0
40 48 1.0
48 40 1.0
41 297 1.0
297 41 1.0
41 169 1.0
169 41 1.0
41 105 1.0
105 41 1.0
41 57 1.0
57 41 1.0
41 45 1.0
45 41 1.0
41 43 1.0
43 41 1.0
41 42 1.0
42 41 1.0
42 298 1.0
298 42 1.0
42 170 1.0
170 42 1.0
42 106 1.0
106 42 1.0
42 58 1.0
58 42 1.0
42 46 1.0
46 42 1.0
42 44 1.0
44 42 1.0
43 299 1.0
299 43 1.0
43 171 1.0
171 43 1.0
43 107 1.0
107 43 1.0
43 59 1.0
59 43 1.0
43 47 1.0
47 43 1.0
43 44 1.0
44 43 1.0
44 300 1.0
300 44 1.0
44 172 1.0
172 44 1.0
44 108 1.0
108 44 1.0
44 60 1.0
60 44 1.0
44 48 1.0
48 44 1.0
45 301 1.0
301 45 1.0
45 173 1.0
173 45 1.0
45 109 1.0
109 45 1.0
45 61 1.0
61 45 1.0
45 47 1.0
47 45 1.0
45 46 1.0
46 45 1.0
46 302 1.0
302 46 1.0
46 174 1.0
174 46 1.0
46 110 1.0
110 46 1.0
46 62 1.0
62 46 1.0
46 48 1.0
48 46 1.0
47 303 1.0
303 47 1.0
47 175 1.0
175 47 1.0
47 111 1.0
111 47 1.0
47 63 1.0
63 47 1.0
47 48 1.0
48 47 1.0
48 304 1.0
304 48 1.0
48 176 1.0
176 48 1.0
48 112 1.0
112 48 1.0
48 64 1.0
64 48 1.0
49 305 1.0
305 49 1.0
49 177 1.0
177 49 1.0
49 113 1.0
113 49 1.0
49 57 1.0
57 49 1.0
49 53 1.0
53 49 1.0
49 51 1.0
51 49 1.0
49 50 1.0
50 49 1.0
50 306 1.0
306 50 1.0
50 178 1.0
178 50 1.0
50 114 1.0
114 50 1.0
50 58 1.0
58 50 1.0
50 54 1.0
54 50 1.0
50 52 1.0
52 50 1.0
51 307 1.0
307 51 1.0
51 179 1.0
179 51 1.0
51 115 1.0
115 51 1.0
51 59 1.0
59 51 1.0
51 55 1.0
55 51 1.0
51 52 1.0
52 51 1.0
52 308 1.0
308 52 1.0
52 180 1.0
180 52 1.0
52 116 1.0
116 52 1.0
52 60 1.0
60 52 1.0
52 56 1.0
56 52 1.0
53 309 1.0
309 53 1.0
53 181 1.0
181 53 1.0
53 117 1.0
117 53 1.0
53 61 1.0
61 53 1.0
53 55 1.0
55 53 1.0
53 54 1.0
54 53 1.0
54 310 1.0
310 54 1.0
54 182 1.0
182 54 1.0
54 118 1.0
118 54 1.0
54 62 1.0
62 54 1.0
54 56 1.0
56 54 1.0
55 311 1.0
311 55 1.0
55 183 1.0
183 55 1.0
55 119 1.0
119 55 1.0
55 63 1.0
63 55 1.0
55 56 1.0
56 55 1.0
56 312 1.0
312 56 1.0
56 184 1.0
184 56 1.0
56 120 1.0
120 56 1.0
56 64 1.0
64 56 1.0
57 313 1.0
313 57 1.0
57 185 1.0
185 57 1.0
57 121 1.0
121 57 1.0
57 61 1.0
61 57 1.0
57 59 1.0
59 57 1.0
57 58 1.0
58 57 1.0
58 314 1.0
314 58 1.0
58 186 1.0
186 58 1.0
58 122 1.0
122 58 1.0
58 62 1.0
62 58 1.0
58 60 1.0
60 58 1.0
59 315 1.0
315 59 1.0
59 187 1.0
187 59 1.0
59 123 1.0
123 59 1.0
59 63 1.0
63 59 1.0
59 60 1.0
60 59 1.0
60 316 1.0
316 60 1.0
60 188 1.0
188 60 1.0
60 124 1.0
124 60 1.0
60 64 1.0
64 60 1.0
61 317 1.0
317 61 1.0
61 189 1.0
189 61 1.0
61 125 1.0
125 61 1.0
61 63 1.0
63 61 1.0
61 62 1.0
62 61 1.0
62 318 1.0
318 62 1.0
62 190 1.0
190 62 1.0
62 126 1.0
126 62 1.0
62 64 1.0
64 62 1.0
63 319 1.0
319 63 1.0
63 191 1.0
191 63 1.0
63 127 1.0
127 63 1.0
63 64 1.0
64 63 1.0
64 320 1.0
320 64 1.0
64 192 1.0
192 64 1.0
64 128 1.0
128 64 1.0
65 321 1.0
321 65 1.0
65 193 1.0
193 65 1.0
65 97 1.0
97 65 1.0
65 81 1.0
81 65 1.0
65 73 1.0
73 65 1.0
65 69 1.0
69 65 1.0
65 67 1.0
67 65 1.0
65 66 1.0
66 65 1.0
66 322 1.0
322 66 1.0
66 194 1.0
194 66 1.0
66 98 1.0
98 66 1.0
66 82 1.0
82 66 1.0
66 74 1.0
74 66 1.0
66 70 1.0
70 66 1.0
66 68 1.0
68 66 1.0
67 323 1.0
323 67 1.0
67 195 1.0
195 67 1.0
67 99 1.0
99 67 1.0
67 83 1.0
83 67 1.0
67 75 1.0
75 67 1.0
67 71 1.0
71 67 1.0
67 68 1.0
68 67 1.0
68 324 1.0
324 68 1.0
68 196 1.0
196 68 1.0
68 100 1.0
100 68 1.0
68 84 1.0
84 68 1.0
68 76 1.0
76 68 1.0
68 72 1.0
72 68 1.0
69 325 1.0
325 69 1.0
69 197 1.0
197 69 1.0
69 101 1.0
101 69 1.0
69 85 1.0
85 69 1.0
69 77 1.0
77 69 1.0
69 71 1.0
71 69 1.0
69 70 1.0
70 69 1.0
70 326 1.0
326 70 1.0
70 198 1.0
198 70 1.0
70 102 1.0
102 70 1.0
70 86 1.0
86 70 1.0
70 78 1.0
78 70 1.0
70 72 1.0
72 70 1.0
71 327 1.0
327 71 1.0
71 199 1.0
199 71 1.0
71 103 1.0
103 71 1.0
71 87 1.0
87 71 1.0
71 79 1.0
79 71 1.0
71 72 1.0
72 71 1.0
72 328 1.0
328 72 1.0
72 200 1.0
200 72 1.0
72 104 1.0
104 72 1.0
72 88 1.0
88 72 1.0
72 80 1.0
80 72 1.0
73 329 1.0
329 73 1.0
73 201 1.0
201 73 1.0
73 105 1.0
105 73 1.0
73 89 1.0
89 73 1.0
73 77 1.0
77 73 1.0
73 75 1.0
75 73 1.0
73 74 1.0
74 73 1.0
74 330 1.0
330 74 1.0
74 202 1.0
202 74 1.0
74 106 1.0
106 74 1.0
74 90 1.0
90 74 1.0
74 78 1.0
78 74 1.0
74 76 1.0
76 74 1.0
75 331 1.0
331 75 1.0
75 203 1.0
203 75 1.0
75 107 1.0
107 75 1.0
75 91 1.0
91 75 1.0
75 79 1.0
79 75 1.0
75 76 1.0
76 75 1.0
76 332 1.0
332 76 1.0
76 204 1.0
204 76 1.0
76 108 1.0
108 76 1.0
76 92 1.0
92 76 1.0
76 80 1.0
80 76 1.0
77 333 1.0
333 77 1.0
77 205 1.0
205 77 1.0
77 109 1.0
109 77 1.0
77 93 1.0
93 77 1.0
77 79 1.0
79 77 1.0
77 78 1.0
78 77 1.0
78 334 1.0
334 78 1.0
78 206 1.0
206 78 1.0
78 110 1.0
110 78 1.0
78 94 1.0
94 78 1.0
78 80 1.0
80 78 1.0
79 335 1.0
335 79 1.0
79 207 1.0
207 79 1.0
79 111 1.0
111 79 1.0
79 95 1.0
95 79 1.0
79 80 1.0
80 79 1.0
80 336 1.0
336 80 1.0
80 208 1.0
208 80 1.0
80 112 1.0
112 80 1.0
80 96 1.0
96 80 1.0
81 337 1.0
337 81 1.0
81 209 1.0
209 81 1.0
81 113 1.0
113 81 1.0
81 89 1.0
89 81 1.0
81 85 1.0
85 81 1.0
81 83 1.0
83 81 1.0
81 82 1.0
82 81 1.0
82 338 1.0
338 82 1.0
82 210 1.0
210 82 1.0
82 114 1.0
114 82 1.0
82 90 1.0
90 82 1.0
82 86 1.0
86 82 1.0
82 84 1.0
84 82 1.0
83 339 1.0
339 83 1.0
83 211 1.0
211 83 1.0
83 115 1.0
115 83 1.0
83 91 1.0
91 83 1.0
83 87 1.0
87 83 1.0
83 84 1.0
84 83 1.0
84 340 1.0
340 84 1.0
84 212 1.0
212 84 1.0
84 116 1.0
116 84 1.0
84 92 1.0
92 84 1.0
84 88 1.0
88 84 1.0
85 341 1.0
341 85 1.0
85 213 1.0
213 85 1.0
85 117 1.0
117 85 1.0
85 93 1.0
93 85 1.0
85 87 1.0
87 85 1.0
85 86 1.0
86 85 1.0
86 342 1.0
342 86 1.0
86 214 1.0
214 86 1.0
86 118 1.0
118 86 1.0
86 94 1.0
94 86 1.0
86 88 1.0
88 86 1.0
87 343 1.0
343 87 1.0
87 215 1.0
215 87 1.0
87 119 1.0
119 87 1.0
87 95 1.0
95 87 1.0
87 88 1.0
88 87 1.0
88 344 1.0
344 88 1.0
88 216 1.0
216 88 1.0
88 120 1.0
120 88 1.0
88 96 1.0
96 88 1.0
89 345 1.0
345 89 1.0
89 217 1.0
217 89 1.0
89 121 1.0
121 89 1.0
89 93 1.0
93 89 1.0
89 91 1.0
91 89 1.0
89 90 1.0
90 89 1.0
90 346 1.0
346 90 1.0
90 218 1.0
218 90 1.0
90 122 1.0
122 90 1.0
90 94 1.0
94 90 1.0
90 92 1.0
92 90 1.0
91 347 1.0
347 91 1.0
91 219 1.0
219 91 1.0
91 123 1.0
123 91 1.0
91 95 1.0
95 91 1.0
91 92 1.0
92 91 1.0
92 348 1.0
348 92 1.0
92 220 1.0
220 92 1.0
92 124 1.0
124 92 1.0
92 96 1.0
96 92 1.0
93 349 1.0
349 93 1.0
93 221 1.0
221 93 1.0
93 125 1.0
125 93 1.0
93 95 1.0
95 93 1.0
93 94 1.0
94 93 1.0
94 350 1.0
350 94 1.0
94 222 1.0
222 94 1.0
94 126 1.0
126 94 1.0
94 96 1.0
96 94 1.0
95 351 1.0
351 95 1.0
95 223 1.0
223 95 1.0
95 127 1.0
127 95 1.0
95 96 1.0
96 95 1.0
96 352 1.0
352 96 1.0
96 224 1.0
224 96 1.0
96 128 1.0
128 96 1.0
97 353 1.0
353 97 1.0
97 225 1.0
225 97 1.0
97 113 1.0
113 97 1.0
97 105 1.0
105 97 1.0
97 101 1.0
101 97 1.0
97 99 1.0
99 97 1.0
97 98 1.0
98 97 1.0
98 354 1.0
354 98 1.0
98 226 1.0
226 98 1.0
98 114 1.0
114 98 1.0
98 106 1.0
106 98 1.0
98 102 1.0
102 98 1.0
98 100 1.0
100 98 1.0
99 355 1.0
355 99 1.0
99 227 1.0
227 99 1.0
99 115 1.0
115 99 1.0
99 107 1.0
107 99 1.0
99 103 1.0
103 99 1.0
99 100 1.0
100 99 1.0
100 356 1.0
356 100 1.0
100 228 1.0
228 100 1.0
100 116 1.0
116 100 1.0
100 108 1.0
108 100 1.0
100 104 1.0
104 100 1.0
101 357 1.0
357 101 1.0
101 229 1.0
229 101 1.0
101 117 1.0
117 101 1.0
101 109 1.0
109 101 1.0
101 103 1.0
103 101 1.0
101 102 1.0
102 101 1.0
102 358 1.0
358 102 1.0
102 230 1.0
230 102 1.0
102 118 1.0
118 102 1.0
102 110 1.0
110 102 1.0
102 104 1.0
104 102 1.0
103 359 1.0
359 103 1.0
103 231 1.0
231 103 1.0
103 119 1.0
119 103 1.0
103 111 1.0
111 103 1.0
103 104 1.0
104 103 1.0
104 360 1.0
360 104 1.0
104 232 1.0
232 104 1.0
104 120 1.0
120 104 1.0
104 112 1.0
112 104 1.0
105 361 1.0
361 105 1.0
105 233 1.0
233 105 1.0
105 121 1.0
121 105 1.0
105 109 1.0
109 105 1.0
105 107 1.0
107 105 1.0
105 106 1.0
106 105 1.0
106 362 1.0
362 106 1.0
106 234 1.0
234 106 1.0
106 122 1.0
122 106 1.0
106 110 1.0
110 106 1.0
106 108 1.0
108 106 1.0
107 363 1.0
363 107 1.0
107 235 1.0
235 107 1.0
107 123 1.0
123 107 1.0
107 111 1.0
111 107 1.0
107 108 1.0
108 107 1.0
108 364 1.0
364 108 1.0
108 236 1.0
236 108 1.0
108 124 1.0
124 108 1.0
108 112 1.0
112 108 1.0
109 365 1.0
365 109 1.0
109 237 1.0
237 109 1.0
109 125 1.0
125 109 1.0
109 111 1.0
111 109 1.0
109 110 1.0
110 109 1.0
110 366 1.0
366 110 1.0
110 238 1.0
238 110 1.0
110 126 1.0
126 110 1.0
110 112 1.0
112 110 1.0
111 367 1.0
367 111 1.0
111 239 1.0
239 111 1.0
111 127 1.0
127 111 1.0
111 112 1.0
112 111 1.0
112 368 1.0
368 112 1.0
112 240 1.0
240 112 1.0
112 128 1.0
128 112 1.0
113 369 1.0
369 113 1.0
113 241 1.0
241 113 1.0
113 121 1.0
121 113 1.0
113 117 1.0
117 113 1.0
113 115 1.0
115 113 1.0
113 114 1.0
114 113 1.0
114 370 1.0
370 114 1.0
114 242 1.0
242 114 1.0
114 122 1.0
122 114 1.0
114 118 1.0
118 114 1.0
114 116 1.0
116 114 1.0
115 371 1.0
371 115 1.0
115 243 1.0
243 115 1.0
115 123 1.0
123 115 1.0
115 119 1.0
119 115 1.0
115 116 1.0
116 115 1.0
116 372 1.0
372 116 1.0
116 244 1.0
244 116 1.0
116 124 1.0
124 116 1.0
116 120 1.0
120 116 1.0
117 373 1.0
373 117 1.0
117 245 1.0
245 117 1.0
117 125 1.0
125 117 1.0
117 119 1.0
119 117 1.0
117 118 1.0
118 117 1.0
118 374 1.0
374 118 1.0
118 246 1.0
246 118 1.0
118 126 1.0
126 118 1.0
118 120 1.0
120 118 1.0
119 375 1.0
375 119 1.0
119 247 1.0
247 119 1.0
119 127 1.0
127 119 1.0
119 120 1.0
120 119 1.0
120 376 1.0
376 120 1.0
120 248 1.0
248 120 1.0
120 128 1.0
128 120 1.0
121 377 1.0
377 121 1.0
121 249 1.0
249 121 1.0
121 125 1.0
125 121 1.0
121 123 1.0
123 121 1.0
121 122 1.0
122 121 1.0
122 378 1.0
378 122 1.0
122 250 1.0
250 122 1.0
122 126 1.0
126 122 1.0
122 124 1.0
124 122 1.0
123 379 1.0
379 123 1.0
123 251 1.0
251 123 1.0
123 127 1.0
127 123 1.0
123 124 1.0
124 123 1.0
124 380 1.0
380 124 1.0
124 252 1.0
252 124 1.0
124 128 1.0
128 124 1.0
125 381 1.0
381 125 1.0
125 253 1.0
253 125 1.0
125 127 1.0
127 125 1.0
125 126 1.0
126 125 1.0
126 382 1.0
382 126 1.0
126 254 1.0
254 126 1.0
126 128 1.0
128 126 1.0
127 383 1.0
383 127 1.0
127 255 1.0
255 127 1.0
127 128 1.0
128 127 1.0
128 384 1.0
384 128 1.0
128 256 1.0
256 128 1.0
129 385 1.0
385 129 1.0
129 193 1.0
193 129 1.0
129 161 1.0
161 129 1.0
129 145 1.0
145 129 1.0
129 137 1.0
137 129 1.0
129 133 1.0
133 129 1.0
129 131 1.0
131 129 1.0
129 130 1.0
130 129 1.0
130 386 1.0
386 130 1.0
130 194 1.0
194 130 1.0
130 162 1.0
162 130 1.0
130 146 1.0
146 130 1.0
130 138 1.0
138 130 1.0
130 134 1.0
134 130 1.0
130 132 1.0
132 130 1.0
131 387 1.0
387 131 1.0
131 195 1.0
195 131 1.0
131 163 1.0
163 131 1.0
131 147 1.0
147 131 1.0
131 139 1.0
139 131 1.0
131 135 1.0
135 131 1.0
131 132 1.0
132 131 1.0
132 388 1.0
388 132 1.0
132 196 1.0
196 132 1.0
132 164 1.0
164 132 1.0
132 148 1.0
148 132 1.0
132 140 1.0
140 132 1.0
132 136 1.0
136 132 1.0
133 389 1.0
389 133 1.0
133 197 1.0
197 133 1.0
133 165 1.0
165 133 1.0
133 149 1.0
149 133 1.0
133 141 1.0
141 133 1.0
133 135 1.0
135 133 1.0
133 134 1.0
134 133 1.0
134 390 1.0
390 134 1.0
134 198 1.0
198 134 1.0
134 166 1.0
166 134 1.0
134 150 1.0
150 134 1.0
134 142 1.0
142 134 1.0
134 136 1.0
136 134 1.0
135 391 1.0
391 135 1.0
135 199 1.0
199 135 1.0
135 167 1.0
167 135 1.0
135 151 1.0
151 135 1.0
135 143 1.0
143 135 1.0
135 136 1.0
136 135 1.0
136 392 1.0
392 136 1.0
136 200 1.0
200 136 1.0
136 168 1.0
168 136 1.0
136 152 1.0
152 136 1.0
136 144 1.0
144 136 1.0
137 393 1.0
393 137 1.0
137 201 1.0
201 137 1.0
137 169 1.0
169 137 1.0
137 153 1.0
153 137 1.0
137 141 1.0
141 137 1.0
137 139 1.0
139 137 1.0
137 138 1.0
138 137 1.0
138 394 1.0
394 138 1.0
138 202 1.0
202 138 1.0
138 170 1.0
170 138 1.0
138 154 1.0
154 138 1.0
138 142 1.0
142 138 1.0
138 140 1.0
140 138 1.0
139 395 1.0
395 139 1.0
139 203 1.0
203 139 1.0
139 171 1.0
171 139 1.0
139 155 1.0
155 139 1.0
139 143 1.0
143 139 1.0
139 140 1.0
140 139 1.0
140 396 1.0
396 140 1.0
140 204 1.0
204 140 1.0
140 172 1.0
172 140 1.0
140 156 1.0
156 140 1.0
140 144 1.0
144 140 1.0
141 397 1.0
397 141 1.0
141 205 1.0
205 141 1.0
141 173 1.0
173 141 1.0
141 157 1.0
157 141 1.0
141 143 1.0
143 141 1.0
141 142 1.0
142 141 1.0
142 398 1.0
398 142 1.0
142 206 1.0
206 142 1.0
142 174 1.0
174 142 1.0
142 158 1.0
158 142 1.0
142 144 1.0
144 142 1.0
143 399 1.0
399 143 1.0
143 207 1.0
207 143 1.0
143 175 1.0
175 143 1.0
143 159 1.0
159 143 1.0
143 144 1.0
144 143 1.0
144 400 1.0
400 144 1.0
144 208 1.0
208 144 1.0
144 176 1.0
176 144 1.0
144 160 1.0
160 144 1.0
145 401 1.0
401 145 1.0
145 209 1.0
209 145 1.0
145 177 1.0
177 145 1.0
145 153 1.0
153 145 1.0
145 149 1.0
149 145 1.0
145 147 1.0
147 145 1.0
145 146 1.0
146 145 1.0
146 402 1.0
402 146 1.0
146 210 1.0
210 146 1.0
146 178 1.0
178 146 1.0
146 154 1.0
154 146 1.0
146 150 1.0
150 146 1.0
146 148 1.0
148 146 1.0
147 403 1.0
403 147 1.0
147 211 1.0
211 147 1.0
147 179 1.0
179 147 1.0
147 155 1.0
155 147 1.0
147 151 1.0
151 147 1.0
147 148 1.0
148 147 1.0
148 404 1.0
404 148 1.0
148 212 1.0
212 148 1.0
148 180 1.0
180 148 1.0
148 156 1.0
156 148 1.0
148 152 1.0
152 148 1.0
149 405 1.0
405 149 1.0
149 213 1.0
213 149 1.0
149 181 1.0
181 149 1.0
149 157 1.0
157 149 1.0
149 151 1.0
151 149 1.0
149 150 1.0
150 149 1.0
150 406 1.0
406 150 1.0
150 214 1.0
214 150 1.0
150 182 1.0
182 150 1.0
150 158 1.0
158 150 1.0
150 152 1.0
152 150 1.0
151 407 1.0
407 151 1.0
151 215 1.0
215 151 1.0
151 183 1.0
183 151 1.0
151 159 1.0
159 151 1.0
151 152 1.0
152 151 1.0
152 408 1.0
408 152 1.0
152 216 1.0
216 152 1.0
152 184 1.0
184 152 1.0
152 160 1.0
160 152 1.0
153 409 1.0
409 153 1.0
153 217 1.0
217 153 1.0
153 185 1.0
185 153 1.0
153 157 1.0
157 153 1.0
153 155 1.0
155 153 1.0
153 154 1.0
154 153 1.0
154 410 1.0
410 154 1.0
154 218 1.0
218 154 1.0
154 186 1.0
186 154 1.0
154 158 1.0
158 154 1.0
154 156 1.0
156 154 1.0
155 411 1.0
411 155 1.0
155 219 1.0
219 155 1.0
155 187 1.0
187 155 1.0
155 159 1.0
159 155 1.0
155 156 1.0
156 155 1.0
156 412 1.0
412 156 1.0
156 220 1.0
220 156 1.0
156 188 1.0
188 156 1.0
156 160 1.0
160 156 1.0
157 413 1.0
413 157 1.0
157 221 1.0
221 157 1.0
157 189 1.0
189 157 1.0
157 159 1.0
159 157 1.0
157 158 1.0
158 157 1.0
158 414 1.0
414 158 1.0
158 222 1.0
222 158 1.0
158 190 1.0
190 158 1.0
158 160 1.0
160 158 1.0
159 415 1.0
415 159 1.0
159 223 1.0
223 159 1.0
159 191 1.0
191 159 1.0
159 160 1.0
160 159 1.0
160 416 1.0
416 160 1.0
160 224 1.0
224 160 1.0
160 192 1.0
192 160 1.0
161 417 1.0
417 161 1.0
161 225 1.0
225 161 1.0
161 177 1.0
177 161 1.0
161 169 1.0
169 161 1.0
161 165 1.0
165 161 1.0
161 163 1.0
163 161 1.0
161 162 1.0
162 161 1.0
162 418 1.0
418 162 1.0
162 226 1.0
226 162 1.0
162 178 1.0
178 162 1.0
162 170 1.0
170 162 1.0
162 166 1.0
166 162 1.0
162 164 1.0
164 162 1.0
163 419 1.0
419 163 1.0
163 227 1.0
227 163 1.0
163 179 1.0
179 163 1.0
163 171 1.0
171 163 1.0
163 167 1.0
167 163 1.0
163 164 1.0
164 163 1.0
164 420 1.0
420 164 1.0
164 228 1.0
228 164 1.0
164 180 1.0
180 164 1.0
164 172 1.0
172 164 1.0
164 168 1.0
168 164 1.0
165 421 1.0
421 165 1.0
165 229 1.0
229 165 1.0
165 181 1.0
181 165 1.0
165 173 1.0
173 165 1.0
165 167 1.0
167 165 1.0
165 166 1.0
166 165 1.0
166 422 1.0
422 166 1.0
166 230 1.0
230 166 1.0
166 182 1.0
182 166 1.0
166 174 1.0
174 166 1.0
166 168 1.0
168 166 1.0
167 423 1.0
423 167 1.0
167 231 1.0
231 167 1.0
167 183 1.0
183 167 1.0
167 175 1.0
175 167 1.0
167 168 1.0
168 167 1.0
168 424 1.0
424 168 1.0
168 232 1.0
232 168 1.0
168 184 1.0
184 168 1.0
168 176 1.0
176 168 1.0
169 425 1.0
425 169 1.0
169 233 1.0
233 169 1.0
169 185 1.0
185 169 1.0
169 173 1.0
173 169 1.0
169 171 1.0
171 169 1.0
169 170 1.0
170 169 1.0
170 426 1.0
426 170 1.0
170 234 1.0
234 170 1.0
170 186 1.0
186 170 1.0
170 174 1.0
174 170 1.0
170 172 1.0
172 170 1.0
171 427 1.0
427 171 1.0
171 235 1.0
235 171 1.0
171 187 1.0
187 171 1.0
171 175 1.0
175 171 1.0
171 172 1.0
172 171 1.0
172 428 1.0
428 172 1.0
172 236 1.0
236 172 1.0
172 188 1.0
188 172 1.0
172 176 1.0
176 172 1.0
173 429 1.0
429 173 1.0
173 237 1.0
237 173 1.0
173 189 1.0
189 173 1.0
173 175 1.0
175 173 1.0
173 174 1.0
174 173 1.0
174 430 1.0
430 174 1.0
174 238 1.0
238 174 1.0
174 190 1.0
190 174 1.0
174 176 1.0
176 174 1.0
175 431 1.0
431 175 1.0
175 239 1.0
239 175 1.0
175 191 1.0
191 175 1.0
175 176 1.0
176 175 1.0
176 432 1.0
432 176 1.0
176 240 1.0
240 176 1.0
176 192 1.0
192 176 1.0
177 433 1.0
433 177 1.0
177 241 1.0
241 177 1.0
177 185 1.0
185 177 1.0
177 181 1.0
181 177 1.0
177 179 1.0
179 177 1.0
177 178 1.0
178 177 1.0
178 434 1.0
434 178 1.0
178 242 1.0
242 178 1.0
178 186 1.0
186 178 1.0
178 182 1.0
182 178 1.0
178 180 1.0
180 178 1.0
179 435 1.0
435 179 1.0
179 243 1.0
243 179 1.0
179 187 1.0
187 179 1.0
179 183 1.0
183 179 1.0
179 180 1.0
180 179 1.0
180 436 1.0
436 180 1.0
180 244 1.0
244 180 1.0
180 188 1.0
188 180 1.0
180 184 1.0
184 180 1.0
181 437 1.0
437 181 1.0
181 245 1.0
245 181 1.0
181 189 1.0
189 181 1.0
181 183 1.0
183 181 1.0
181 182 1.0
182 181 1.0
182 438 1.0
438 182 1.0
182 246 1.0
246 182 1.0
182 190 1.0
190 182 1.0
182 184 1.0
184 182 1.0
183 439 1.0
439 183 1.0
183 247 1.0
247 183 1.0
183 191 1.0
191 183 1.0
183 184 1.0
184 183 1.0
184 440 1.0
440 184 1.0
184 248 1.0
248 184 1.0
184 192 1.0
192 184 1.0
185 441 1.0
441 185 1.0
185 249 1.0
249 185 1.0
185 189 1.0
189 185 1.0
185 187 1.0
187 185 1.0
185 186 1.0
186 185 1.0
186 442 1.0
442 186 1.0
186 250 1.0
250 186 1.0
186 190 1.0
190 186 1.0
186 188 1.0
188 186 1.0
187 443 1.0
443 187 1.0
187 251 1.0
251 187 1.0
187 191 1.0
191 187 1.0
187 188 1.0
188 187 1.0
188 444 1.0
444 188 1.0
188 252 1.0
252 188 1.0
188 192 1.0
192 188 1.0
189 445 1.0
445 189 1.0
189 253 1.0
253 189 1.0
189 191 1.0
191 189 1.0
189 190 1.0
190 189 1.0
190 446 1.0
446 190 1.0
190 254 1.0
254 190 1.0
190 192 1.0
192 190 1.0
191 447 1.0
447 191 1.0
191 255 1.0
255 191 1.0
191 192 1.0
192 191 1.0
192 448 1.0
448 192 1.0
192 256 1.0
256 192 1.0
193 449 1.0
449 193 1.0
193 225 1.0
225 193 1.0
193 209 1.0
209 193 1.0
193 201 1.0
201 193 1.0
193 197 1.0
197 193 1.0
193 195 1.0
195 193 1.0
193 194 1.0
194 193 1.0
194 450 1.0
450 194 1.0
194 226 1.0
226 194 1.0
194 210 1.0
210 194 1.0
194 202 1.0
202 194 1.0
194 198 1.0
198 194 1.0
194 196 1.0
196 194 1.0
195 451 1.0
451 195 1.0
195 227 1.0
227 195 1.0
195 211 1.0
211 195 1.0
195 203 1.0
203 195 1.0
195 199 1.0
199 195 1.0
195 196 1.0
196 195 1.0
196 452 1.0
452 196 1.0
196 228 1.0
228 196 1.0
196 212 1.0
212 196 1.0
196 204 1.0
204 196 1.0
196 200 1.0
200 196 1.0
197 453 1.0
453 197 1.0
197 229 1.0
229 197 1.0
197 213 1.0
213 197 1.0
197 205 1.0
205 197 1.0
197 199 1.0
199 197 1.0
197 198 1.0
198 197 1.0
198 454 1.0
454 198 1.0
198 230 1.0
230 198 1.0
198 214 1.0
214 198 1.0
198 206 1.0
206 198 1.0
198 200 1.0
200 198 1.0
199 455 1.0
455 199 1.0
199 231 1.0
231 199 1.0
199 215 1.0
215 199 1.0
199 207 1.0
207 199 1.0
199 200 1.0
200 199 1.0
200 456 1.0
456 200 1.0
200 232 1.0
232 200 1.0
200 216 1.0
216 200 1.0
200 208 1.0
208 200 1.0
201 457 1.0
457 201 1.0
201 233 1.0
233 201 1.0
201 217 1.0
217 201 1.0
201 205 1.0
205 201 1.0
201 203 1.0
203 201 1.0
201 202 1.0
202 201 1.0
202 458 1.0
458 202 1.0
202 234 1.0
234 202 1.0
202 218 1.0
218 202 1.0
202 206 1.0
206 202 1.0
202 204 1.0
204 202 1.0
203 459 1.0
459 203 1.0
203 235 1.0
235 203 1.0
203 219 1.0
219 203 1.0
203 207 1.0
207 203 1.0
203 204 1.0
204 203 1.0
204 460 1.0
460 204 1.0
204 236 1.0
236 204 1.0
204 220 1.0
220 204 1.0
204 208 1.0
208 204 1.0
205 461 1.0
461 205 1.0
205 237 1.0
237 205 1.0
205 221 1.0
221 205 1.0
205 207 1.0
207 205 1.0
205 206 1.0
206 205 1.0
206 462 1.0
462 206 1.0
206 238 1.0
238 206 1.0
206 222 1.0
222 206 1.0
206 208 1.0
208 206 1.0
207 463 1.0
463 207 1.0
207 239 1.0
239 207 1.0
207 223 1.0
223 207 1.0
207 208 1.0
208 207 1.0
208 464 1.0
464 208 1.0
208 240 1.0
240 208 1.0
208 224 1.0
224 208 1.0
209 465 1.0
465 209 1.0
209 241 1.0
241 209 1.0
209 217 1.0
217 209 1.0
209 213 1.0
213 209 1.0
209 211 1.0
211 209 1.0
209 210 1.0
210 209 1.0
210 466 1.0
466 210 1.0
210 242 1.0
242 210 1.0
210 218 1.0
218 210 1.0
210 214 1.0
214 210 1.0
210 212 1.0
212 210 1.0
211 467 1.0
467 211 1.0
211 243 1.0
243 211 1.0
211 219 1.0
219 211 1.0
211 215 1.0
215 211 1.0
211 212 1.0
212 211 1.0
212 468 1.0
468 212 1.0
212 244 1.0
244 212 1.0
212 220 1.0
220 212 1.0
212 216 1.0
216 212 1.0
213 469 1.0
469 213 1.0
213 245 1.0
245 213 1.0
213 221 1.0
221 213 1.0
213 215 1.0
215 213 1.0
213 214 1.0
214 213 1.0
214 470 1.0
470 214 1.0
214 246 1.0
246 214 1.0
214 222 1.0
222 214 1.0
214 216 1.0
216 214 1.0
215 471 1.0
471 215 1.0
215 247 1.0
247 215 1.0
215 223 1.0
223 215 1.0
215 216 1.0
216 215 1.0
216 472 1.0
472 216 1.0
216 248 1.0
248 216 1.0
216 224 1.0
224 216 1.0
217 473 1.0
473 217 1.0
217 249 1.0
249 217 1.0
217 221 1.0
221 217 1.0
217 219 1.0
219 217 1.0
217 218 1.0
218 217 1.0
218 474 1.0
474 218 1.0
218 250 1.0
250 218 1.0
218 222 1.0
222 218 1.0
218 220 1.0
220 218 1.0
219 475 1.0
475 219 1.0
219 251 1.0
251 219 1.0
219 223 1.0
223 219 1.0
219 220 1.0
220 219 1.0
220 476 1.0
476 220 1.0
220 252 1.0
252 220 1.0
220 224 1.0
224 220 1.0
221 477 1.0
477 221 1.0
221 253 1.0
253 221 1.0
221 223 1.0
223 221 1.0
221 222 1.0
222 221 1.0
222 478 1.0
478 222 1.0
222 254 1.0
254 222 1.0
222 224 1.0
224 222 1.0
223 479 1.0
479 223 1.0
223 255 1.0
255 223 1.0
223 224 1.0
224 223 1.0
224 480 1.0
480 224 1.0
224 256 1.0
256 224 1.0
225 481 1.0
481 225 1.0
225 241 1.0
241 225 1.0
225 233 1.0
233 225 1.0
225 229 1.0
229 225 1.0
225 227 1.0
227 225 1.0
225 226 1.0
226 225 1.0
226 482 1.0
482 226 1.0
226 242 1.0
242 226 1.0
226 234 1.0
234 226 1.0
226 230 1.0
230 226 1.0
226 228 1.0
228 226 1.0
227 483 1.0
483 227 1.0
227 243 1.0
243 227 1.0
227 235 1.0
235 227 1.0
227 231 1.0
231 227 1.0
227 228 1.0
228 227 1.0
228 484 1.0
484 228 1.0
228 244 1.0
244 228 1.0
228 236 1.0
236 228 1.0
228 232 1.0
232 228 1.0
229 485 1.0
485 229 1.0
229 245 1.0
245 229 1.0
229 237 1.0
237 229 1.0
229 231 1.0
231 229 1.0
229 230 1.0
230 229 1.0
230 486 1.0
486 230 1.0
230 246 1.0
246 230 1.0
230 238 1.0
238 230 1.0
230 232 1.0
232 230 1.0
231 487 1.0
487 231 1.0
231 247 1.0
247 231 1.0
231 239 1.0
239 231 1.0
231 232 1.0
232 231 1.0
232 488 1.0
488 232 1.0
232 248 1.0
248 232 1.0
232 240 1.0
240 232 1.0
233 489 1.0
489 233 1.0
233 249 1.0
249 233 1.0
233 237 1.0
237 233 1.0
233 235 1.0
235 233 1.0
233 234 1.0
234 233 1.0
234 490 1.0
490 234 1.0
234 250 1.0
250 234 1.0
234 238 1.0
238 234 1.0
234 236 1.0
236 234 1.0
235 491 1.0
491 235 1.0
235 251 1.0
251 235 1.0
235 239 1.0
239 235 1.0
235 236 1.0
236 235 1.0
236 492 1.0
492 236 1.0
236 252 1.0
252 236 1.0
236 240 1.0
240 236 1.0
237 493 1.0
493 237 1.0
237 253 1.0
253 237 1.0
237 239 1.0
239 237 1.0
237 238 1.0
238 237 1.0
238 494 1.0
494 238 1.0
238 254 1.0
254 238 1.0
238 240 1.0
240 238 1.0
239 495 1.0
495 239 1.0
239 255 1.0
255 239 1.0
239 240 1.0
240 239 1.0
240 496 1.0
496 240 1.0
240 256 1.0
256 240 1.0
241 497 1.0
497 241 1.0
241 249 1.0
249 241 1.0
241 245 1.0
245 241 1.0
241 243 1.0
243 241 1.0
241 242 1.0
242 241 1.0
242 498 1.0
498 242 1.0
242 250 1.0
250 242 1.0
242 246 1.0
246 242 1.0
242 244 1.0
244 242 1.0
243 499 1.0
499 243 1.0
243 251 1.0
251 243 1.0
243 247 1.0
247 243 1.0
243 244 1.0
244 243 1.0
244 500 1.0
500 244 1.0
244 252 1.0
252 244 1.0
244 248 1.0
248 244 1.0
245 501 1.0
501 245 1.0
245 253 1.0
253 245 1.0
245 247 1.0
247 245 1.0
245 246 1.0
246 245 1.0
246 502 1.0
502 246 1.0
246 254 1.0
254 246 1.0
246 248 1.0
248 246 1.0
247 503 1.0
503 247 1.0
247 255 1.0
255 247 1.0
247 248 1.0
248 247 1.0
248 504 1.0
504 248 1.0
248 256 1.0
256 248 1.0
249 505 1.0
505 249 1.0
249 253 1.0
253 249 1.0
249 251 1.0
251 249 1.0
249 250 1.0
250 249 1.0
250 506 1.0
506 250 1.0
250 254 1.0
254 250 1.0
250 252 1.0
252 250 1.0
251 507 1.0
507 251 1.0
251 255 1.0
255 251 1.0
251 252 1.0
252 251 1.0
252 508 1.0
508 252 1.0
252 256 1.0
256 252 1.0
253 509 1.0
509 253 1.0
253 255 1.0
255 253 1.0
253 254 1.0
254 253 1.0
254 510 1.0
510 254 1.0
254 256 1.0
256 254 1.0
255 511 1.0
511 255 1.0
255 256 1.0
256 255 1.0
256 512 1.0
512 256 1.0
257 385 1.0
385 257 1.0
257 321 1.0
321 257 1.0
257 289 1.0
289 257 1.0
257 273 1.0
273 257 1.0
257 265 1.0
265 257 1.0
257 261 1.0
261 257 1.0
257 259 1.0
259 257 1.0
257 258 1.0
258 257 1.0
258 386 1.0
386 258 1.0
258 322 1.0
322 258 1.0
258 290 1.0
290 258 1.0
258 274 1.0
274 258 1.0
258 266 1.0
266 258 1.0
258 262 1.0
262 258 1.0
258 260 1.0
260 258 1.0
259 387 1.0
387 259 1.0
259 323 1.0
323 259 1.0
259 291 1.0
291 259 1.0
259 275 1.0
275 259 1.0
259 267 1.0
267 259 1.0
259 263 1.0
263 259 1.0
259 260 1.0
260 259 1.0
260 388 1.0
388 260 1.0
260 324 1.0
324 260 1.0
260 292 1.0
292 260 1.0
260 276 1.0
276 260 1.0
260 268 1.0
268 260 1.0
260 264 1.0
264 260 1.0
261 389 1.0
389 261 1.0
261 325 1.0
325 261 1.0
261 293 1.0
293 261 1.0
261 277 1.0
277 261 1.0
261 269 1.0
269 261 1.0
261 263 1.0
263 261 1.0
261 262 1.0
262 261 1.0
262 390 1.0
390 262 1.0
262 326 1.0
326 262 1.0
262 294 1.0
294 262 1.0
262 278 1.0
278 262 1.0
262 270 1.0
270 262 1.0
262 264 1.0
264 262 1.0
263 391 1.0
391 263 1.0
263 327 1.0
327 263 1.0
263 295 1.0
295 263 1.0
263 279 1.0
279 263 1.0
263 271 1.0
271 263 1.0
263 264 1.0
264 263 1.0
264 392 1.0
392 264 1.0
264 328 1.0
328 264 1.0
264 296 1.0
296 264 1.0
264 280 1.0
280 264 1.0
264 272 1.0
272 264 1.0
265 393 1.0
393 265 1.0
265 329 1.0
329 265 1.0
265 297 1.0
297 265 1.0
265 281 1.0
281 265 1.0
265 269 1.0
269 265 1.0
265 267 1.0
267 265 1.0
265 266 1.0
266 265 1.0
266 394 1.0
394 266 1.0
266 330 1.0
330 266 1.0
266 298 1.0
298 266 1.0
266 282 1.0
282 266 1.0
266 270 1.0
270 266 1.0
266 268 1.0
268 266 1.0
267 395 1.0
395 267 1.0
267 331 1.0
331 267 1.0
267 299 1.0
299 267 1.0
267 283 1.0
283 267 1.0
267 271 1.0
271 267 1.0
267 268 1.0
268 267 1.0
268 396 1.0
396 268 1.0
268 332 1.0
332 268 1.0
268 300 1.0
300 268 1.0
268 284 1.0
284 268 1.0
268 272 1.0
272 268 1.0
269 397 1.0
397 269 1.0
269 333 1.0
333 269 1.0
269 301 1.0
301 269 1.0
269 285 1.0
285 269 1.0
269 271 1.0
271 269 1.0
269 270 1.0
270 269 1.0
270 398 1.0
398 270 1.0
270 334 1.0
334 270 1.0
270 302 1.0
302 270 1.0
270 286 1.0
286 270 1.0
270 272 1.0
272 270 1.0
271 399 1.0
399 271 1.0
271 335 1.0
335 271 1.0
271 303 1.0
303 271 1.0
271 287 1.0
287 271 1.0
271 272 1.0
272 271 1.0
272 400 1.0
400 272 1.0
272 336 1.0
336 272 1.0
272 304 1.0
304 272 1.0
272 288 1.0
288 272 1.0
273 401 1.0
401 273 1.0
273 337 1.0
337 273 1.0
273 305 1.0
305 273 1.0
273 281 1.0
281 273 1.0
273 277 1.0
277 273 1.0
273 275 1.0
275 273 1.0
273 274 1.0
274 273 1.0
274 402 1.0
402 274 1.0
274 338 1.0
338 274 1.0
274 306 1.0
306 274 1.0
274 282 1.0
282 274 1.0
274 278 1.0
278 274 1.0
274 276 1.0
276 274 1.0
275 403 1.0
403 275 1.0
275 339 1.0
339 275 1.0
275 307 1.0
307 275 1.0
275 283 1.0
283 275 1.0
275 279 1.0
279 275 1.0
275 276 1.0
276 275 1.0
276 404 1.0
404 276 1.0
276 340 1.0
340 276 1.0
276 308 1.0
308 276 1.0
276 284 1.0
284 276 1.0
276 280 1.0
280 276 1.0
277 405 1.0
405 277 1.0
277 341 1.0
341 277 1.0
277 309 1.0
309 277 1.0
277 285 1.0
285 277 1.0
277 279 1.0
279 277 1.0
277 278 1.0
278 277 1.0
278 406 1.0
406 278 1.0
278 342 1.0
342 278 1.0
278 310 1.0
310 278 1.0
278 286 1.0
286 278 1.0
278 280 1.0
280 278 1.0
279 407 1.0
407 279 1.0
279 343 1.0
343 279 1.0
279 311 1.0
311 279 1.0
279 287 1.0
287 279 1.0
279 280 1.0
280 279 1.0
280 408 1.0
408 280 1.0
280 344 1.0
344 280 1.0
280 312 1.0
312 280 1.0
280 288 1.0
288 280 1.0
281 409 1.0
409 281 1.0
281 345 1.0
345 281 1.0
281 313 1.0
313 281 1.0
281 285 1.0
285 281 1.0
281 283 1.0
283 281 1.0
281 282 1.0
282 281 1.0
282 410 1.0
410 282 1.0
282 346 1.0
346 282 1.0
282 314 1.0
314 282 1.0
282 286 1.0
286 282 1.0
282 284 1.0
284 282 1.0
283 411 1.0
411 283 1.0
283 347 1.0
347 283 1.0
283 315 1.0
315 283 1.0
283 287 1.0
287 283 1.0
283 284 1.0
284 283 1.0
284 412 1.0
412 284 1.0
284 348 1.0
348 284 1.0
284 316 1.0
316 284 1.0
284 288 1.0
288 284 1.0
285 413 1.0
413 285 1.0
285 349 1.0
349 285 1.0
285 317 1.0
317 285 1.0
285 287 1.0
287 285 1.0
285 286 1.0
286 285 1.0
286 414 1.0
414 286 1.0
286 350 1.0
350 286 1.0
286 318 1.0
318 286 1.0
286 288 1.0
288 286 1.0
287 415 1.0
415 287 1.0
287 351 1.0
351 287 1.0
287 319 1.0
319 287 1.0
287 288 1.0
288 287 1.0
288 416 1.0
416 288 1.0
288 352 1.0
352 288 1.0
288 320 1.0
320 288 1.0
289 417 1.0
417 289 1.0
289 353 1.0
353 289 1.0
289 305 1.0
305 289 1.0
289 297 1.0
297 289 1.0
289 293 1.0
293 289 1.0
289 291 1.0
291 289 1.0
289 290 1.0
290 289 1.0
290 418 1.0
418 290 1.0
290 354 1.0
354 290 1.0
290 306 1.0
306 290 1.0
290 298 1.0
298 290 1.0
290 294 1.0
294 290 1.0
290 292 1.0
292 290 1.0
291 419 1.0
419 291 1.0
291 355 1.0
355 291 1.0
291 307 1.0
307 291 1.0
291 299 1.0
299 291 1.0
291 295 1.0
295 291 1.0
291 292 1.0
292 291 1.0
292 420 1.0
420 292 1.0
292 356 1.0
356 292 1.0
292 308 1.0
308 292 1.0
292 300 1.0
300 292 1.0
292 296 1.0
296 292 1.0
293 421 1.0
421 293 1.0
293 357 1.0
357 293 1.0
293 309 1.0
309 293 1.0
293 301 1.0
301 293 1.0
293 295 1.0
295 293 1.0
293 294 1.0
294 293 1.0
294 422 1.0
422 294 1.0
294 358 1.0
358 294 1.0
294 310 1.0
310 294 1.0
294 302 1.0
302 294 1.0
294 296 1.0
296 294 1.0
295 423 1.0
423 295 1.0
295 359 1.0
359 295 1.0
295 311 1.0
311 295 1.0
295 303 1.0
303 295 1.0
295 296 1.0
296 295 1.0
296 424 1.0
424 296 1.0
296 360 1.0
360 296 1.0
296 312 1.0
312 296 1.0
296 304 1.0
304 296 1.0
297 425 1.0
425 297 1.0
297 361 1.0
361 297 1.0
297 313 1.0
313 297 1.0
297 301 1.0
301 297 1.0
297 299 1.0
299 297 1.0
297 298 1.0
298 297 1.0
298 426 1.0
426 298 1.0
298 362 1.0
362 298 1.0
298 314 1.0
314 298 1.0
298 302 1.0
302 298 1.0
298 300 1.0
300 298 1.0
299 427 1.0
427 299 1.0
299 363 1.0
363 299 1.0
299 315 1.0
315 299 1.0
299 303 1.0
303 299 1.0
299 300 1.0
300 299 1.0
300 428 1.0
428 300 1.0
300 364 1.0
364 300 1.0
300 316 1.0
316 300 1.0
300 304 1.0
304 300 1.0
301 429 1.0
429 301 1.0
301 365 1.0
365 301 1.0
301 317 1.0
317 301 1.0
301 303 1.0
303 301 1.0
301 302 1.0
302 301 1.0
302 430 1.0
430 302 1.0
302 366 1.0
366 302 1.0
302 318 1.0
318 302 1.0
302 304 1.0
304 302 1.0
303 431 1.0
431 303 1.0
303 367 1.0
367 303 1.0
303 319 1.0
319 303 1.0
303 304 1.0
304 303 1.0
304 432 1.0
432 304 1.0
304 368 1.0
368 304 1.0
304 320 1.0
320 304 1.0
305 433 1.0
433 305 1.0
305 369 1.0
369 305 1.0
305 313 1.0
313 305 1.0
305 309 1.0
309 305 1.0
305 307 1.0
307 305 1.0
305 306 1.0
306 305 1.0
306 434 1.0
434 306 1.0
306 370 1.0
370 306 1.0
306 314 1.0
314 306 1.0
306 310 1.0
310 306 1.0
306 308 1.0
308 306 1.0
307 435 1.0
435 307 1.0
307 371 1.0
371 307 1.0
307 315 1.0
315 307 1.0
307 311 1.0
311 307 1.0
307 308 1.0
308 307 1.0
308 436 1.0
436 308 1.0
308 372 1.0
372 308 1.0
308 316 1.0
316 308 1.0
308 312 1.0
312 308 1.0
309 437 1.0
437 309 1.0
309 373 1.0
373 309 1.0
309 317 1.0
317 309 1.0
309 311 1.0
311 309 1.0
309 310 1.0
310 309 1.0
310 438 1.0
438 310 1.0
310 374 1.0
374 310 1.0
310 318 1.0
318 310 1.0
310 312 1.0
312 310 1.0
311 439 1.0
439 311 1.0
311 375 1.0
375 311 1.0
311 319 1.0
319 311 1.0
311 312 1.0
312 311 1.0
312 440 1.0
440 312 1.0
312 376 1.0
376 312 1.0
312 320 1.0
320 312 1.0
313 441 1.0
441 313 1.0
313 377 1.0
377 313 1.0
313 317 1.0
317 313 1.0
313 315 1.0
315 313 1.0
313 314 1.0
314 313 1.0
314 442 1.0
442 314 1.0
314 378 1.0
378 314 1.0
314 318 1.0
318 314 1.0
314 316 1.0
316 314 1.0
315 443 1.0
443 315 1.0
315 379 1.0
379 315 1.0
315 319 1.0
319 315 1.0
315 316 1.0
316 315 1.0
316 444 1.0
444 316 1.0
316 380 1.0
380 316 1.0
316 320 1.0
320 316 1.0
317 445 1.0
445 317 1.0
317 381 1.0
381 317 1.0
317 319 1.0
319 317 1.0
317 318 1.0
318 317 1.0
318 446 1.0
446 318 1.0
318 382 1.0
382 318 1.0
318 320 1.0
320 318 1.0
319 447 1.0
447 319 1.0
319 383 1.0
383 319 1.0
319 320 1.0
320 319 1.0
320 448 1.0
448 320 1.0
320 384 1.0
384 320 1.0
321 449 1.0
449 321 1.0
321 353 1.0
353 321 1.0
321 337 1.0
337 321 1.0
321 329 1.0
329 321 1.0
321 325 1.0
325 321 1.0
321 323 1.0
323 321 1.0
321 322 1.0
322 321 1.0
322 450 1.0
450 322 1.0
322 354 1.0
354 322 1.0
322 338 1.0
338 322 1.0
322 330 1.0
330 322 1.0
322 326 1.0
326 322 1.0
322 324 1.0
324 322 1.0
323 451 1.0
451 323 1.0
323 355 1.0
355 323 1.0
323 339 1.0
339 323 1.0
323 331 1.0
331 323 1.0
323 327 1.0
327 323 1.0
323 324 1.0
324 323 1.0
324 452 1.0
452 324 1.0
324 356 1.0
356 324 1.0
324 340 1.0
340 324 1.0
324 332 1.0
332 324 1.0
324 328 1.0
328 324 1.0
325 453 1.0
453 325 1.0
325 357 1.0
357 325 1.0
325 341 1.0
341 325 1.0
325 333 1.0
333 325 1.0
325 327 1.0
327 325 1.0
325 326 1.0
326 325 1.0
326 454 1.0
454 326 1.0
326 358 1.0
358 326 1.0
326 342 1.0
342 326 1.0
326 334 1.0
334 326 1.0
326 328 1.0
328 326 1.0
327 455 1.0
455 327 1.0
327 359 1.0
359 327 1.0
327 343 1.0
343 327 1.0
327 335 1.0
335 327 1.0
327 328 1.0
328 327 1.0
328 456 1.0
456 328 1.0
328 360 1.0
360 328 1.0
328 344 1.0
344 328 1.0
328 336 1.0
336 328 1.0
329 457 1.0
457 329 1.0
329 361 1.0
361 329 1.0
329 345 1.0
345 329 1.0
329 333 1.0
333 329 1.0
329 331 1.0
331 329 1.0
329 330 1.0
330 329 1.0
330 458 1.0
458 330 1.0
330 362 1.0
362 330 1.0
330 346 1.0
346 330 1.0
330 334 1.0
334 330 1.0
330 332 1.0
332 330 1.0
331 459 1.0
459 331 1.0
331 363 1.0
363 331 1.0
331 347 1.0
347 331 1.0
331 335 1.0
335 331 1.0
331 332 1.0
332 331 1.0
332 460 1.0
460 332 1.0
332 364 1.0
364 332 1.0
332 348 1.0
348 332 1.0
332 336 1.0
336 332 1.0
333 461 1.0
461 333 1.0
333 365 1.0
365 333 1.0
333 349 1.0
349 333 1.0
333 335 1.0
335 333 1.0
333 334 1.0
334 333 1.0
334 462 1.0
462 334 1.0
334 366 1.0
366 334 1.0
334 350 1.0
350 334 1.0
334 336 1.0
336 334 1.0
335 463 1.0
463 335 1.0
335 367 1.0
367 335 1.0
335 351 1.0
351 335 1.0
335 336 1.0
336 335 1.0
336 464 1.0
464 336 1.0
336 368 1.0
368 336 1.0
336 352 1.0
352 336 1.0
337 465 1.0
465 337 1.0
337 369 1.0
369 337 1.0
337 345 1.0
345 337 1.0
337 341 1.0
341 337 1.0
337 339 1.0
339 337 1.0
337 338 1.0
338 337 1.0
338 466 1.0
466 338 1.0
338 370 1.0
370 338 1.0
338 346 1.0
346 338 1.0
338 342 1.0
342 338 1.0
338 340 1.0
340 338 1.0
339 467 1.0
467 339 1.0
339 371 1.0
371 339 1.0
339 347 1.0
347 339 1.0
339 343 1.0
343 339 1.0
339 340 1.0
340 339 1.0
340 468 1.0
468 340 1.0
340 372 1.0
372 340 1.0
340 348 1.0
348 340 1.0
340 344 1.0
344 340 1.0
341 469 1.0
469 341 1.0
341 373 1.0
373 341 1.0
341 349 1.0
349 341 1.0
341 343 1.0
343 341 1.0
341 342 1.0
342 341 1.0
342 470 1.0
470 342 1.0
342 374 1.0
374 342 1.0
342 350 1.0
350 342 1.0
342 344 1.0
344 342 1.0
343 471 1.0
471 343 1.0
343 375 1.0
375 343 1.0
343 351 1.0
351 343 1.0
343 344 1.0
344 343 1.0
344 472 1.0
472 344 1.0
344 376 1.0
376 344 1.0
344 352 1.0
352 344 1.0
345 473 1.0
473 345 1.0
345 377 1.0
377 345 1.0
345 349 1.0
349 345 1.0
345 347 1.0
347 345 1.0
345 346 1.0
346 345 1.0
346 474 1.0
474 346 1.0
346 378 1.0
378 346 1.0
346 350 1.0
350 346 1.0
346 348 1.0
348 346 1.0
347 475 1.0
475 347 1.0
347 379 1.0
379 347 1.0
347 351 1.0
351 347 1.0
347 348 1.0
348 347 1.0
348 476 1.0
476 348 1.0
348 380 1.0
380 348 1.0
348 352 1.0
352 348 1.0
349 477 1.0
477 349 1.0
349 381 1.0
381 349 1.0
349 351 1.0
351 349 1.0
349 350 1.0
350 349 1.0
350 478 1.0
478 350 1.0
350 382 1.0
382 350 1.0
350 352 1.0
352 350 1.0
351 479 1.0
479 351 1.0
351 383 1.0
383 351 1.0
351 352 1.0
352 351 1.0
352 480 1.0
480 352 1.0
352 384 1.0
384 352 1.0
353 481 1.0
481 353 1.0
353 369 1.0
369 353 1.0
353 361 1.0
361 353 1.0
353 357 1.0
357 353 1.0
353 355 1.0
355 353 1.0
353 354 1.0
354 353 1.0
354 482 1.0
482 354 1.0
354 370 1.0
370 354 1.0
354 362 1.0
362 354 1.0
354 358 1.0
358 354 1.0
354 356 1.0
356 354 1.0
355 483 1.0
483 355 1.0
355 371 1.0
371 355 1.0
355 363 1.0
363 355 1.0
355 359 1.0
359 355 1.0
355 356 1.0
356 355 1.0
356 484 1.0
484 356 1.0
356 372 1.0
372 356 1.0
356 364 1.0
364 356 1.0
356 360 1.0
360 356 1.0
357 485 1.0
485 357 1.0
357 373 1.0
373 357 1.0
357 365 1.0
365 357 1.0
357 359 1.0
359 357 1.0
357 358 1.0
358 357 1.0
358 486 1.0
486 358 1.0
358 374 1.0
374 358 1.0
358 366 1.0
366 358 1.0
358 360 1.0
360 358 1.0
359 487 1.0
487 359 1.0
359 375 1.0
375 359 1.0
359 367 1.0
367 359 1.0
359 360 1.0
360 359 1.0
360 488 1.0
488 360 1.0
360 376 1.0
376 360 1.0
360 368 1.0
368 360 1.0
361 489 1.0
489 361 1.0
361 377 1.0
377 361 1.0
361 365 1.0
365 361 1.0
361 363 1.0
363 361 1.0
361 362 1.0
362 361 1.0
362 490 1.0
490 362 1.0
362 378 1.0
378 362 1.0
362 366 1.0
366 362 1.0
362 364 1.0
364 362 1.0
363 491 1.0
491 363 1.0
363 379 1.0
379 363 1.0
363 367 1.0
367 363 1.0
363 364 1.0
364 363 1.0
364 492 1.0
492 364 1.0
364 380 1.0
380 364 1.0
364 368 1.0
368 364 1.0
365 493 1.0
493 365 1.0
365 381 1.0
381 365 1.0
365 367 1.0
367 365 1.0
365 366 1.0
366 365 1.0
366 494 1.0
494 366 1.0
366 382 1.0
382 366 1.0
366 368 1.0
368 366 1.0
367 495 1.0
495 367 1.0
367 383 1.0
383 367 1.0
367 368 1.0
368 367 1.0
368 496 1.0
496 368 1.0
368 384 1.0
384 368 1.0
369 497 1.0
497 369 1.0
369 377 1.0
377 369 1.0
369 373 1.0
373 369 1.0
369 371 1.0
371 369 1.0
369 370 1.0
370 369 1.0
370 498 1.0
498 370 1.0
370 378 1.0
378 370 1.0
370 374 1.0
374 370 1.0
370 372 1.0
372 370 1.0
371 499 1.0
499 371 1.0
371 379 1.0
379 371 1.0
371 375 1.0
375 371 1.0
371 372 1.0
372 371 1.0
372 500 1.0
500 372 1.0
372 380 1.0
380 372 1.0
372 376 1.0
376 372 1.0
373 501 1.0
501 373 1.0
373 381 1.0
381 373 1.0
373 375 1.0
375 373 1.0
373 374 1.0
374 373 1.0
374 502 1.0
502 374 1.0
374 382 1.0
382 374 1.0
374 376 1.0
376 374 1.0
375 503 1.0
503 375 1.0
375 383 1.0
383 375 1.0
375 376 1.0
376 375 1.0
376 504 1.0
504 376 1.0
376 384 1.0
384 376 1.0
377 505 1.0
505 377 1.0
377 381 1.0
381 377 1.0
377 379 1.0
379 377 1.0
377 378 1.0
378 377 1.0
378 506 1.0
506 378 1.0
378 382 1.0
382 378 1.0
378 380 1.0
380 378 1.0
379 507 1.0
507 379 1.0
379 383 1.0
383 379 1.0
379 380 1.0
380 379 1.0
380 508 1.0
508 380 1.0
380 384 1.0
384 380 1.0
381 509 1.0
509 381 1.0
381 383 1.0
383 381 1.0
381 382 1.0
382 381 1.0
382 510 1.0
510 382 1.0
382 384 1.0
384 382 1.0
383 511 1.0
511 383 1.0
383 384 1.0
384 383 1.0
384 512 1.0
512 384 1.0
385 449 1.0
449 385 1.0
385 417 1.0
417 385 1.0
385 401 1.0
401 385 1.0
385 393 1.0
393 385 1.0
385 389 1.0
389 385 1.0
385 387 1.0
387 385 1.0
385 386 1.0
386 385 1.0
386 450 1.0
450 386 1.0
386 418 1.0
418 386 1.0
386 402 1.0
402 386 1.0
386 394 1.0
394 386 1.0
386 390 1.0
390 386 1.0
386 388 1.0
388 386 1.0
387 451 1.0
451 387 1.0
387 419 1.0
419 387 1.0
387 403 1.0
403 387 1.0
387 395 1.0
395 387 1.0
387 391 1.0
391 387 1.0
387 388 1.0
388 387 1.0
388 452 1.0
452 388 1.0
388 420 1.0
420 388 1.0
388 404 1.0
404 388 1.0
388 396 1.0
396 388 1.0
388 392 1.0
392 388 1.0
389 453 1.0
453 389 1.0
389 421 1.0
421 389 1.0
389 405 1.0
405 389 1.0
389 397 1.0
397 389 1.0
389 391 1.0
391 389 1.0
389 390 1.0
390 389 1.0
390 454 1.0
454 390 1.0
390 422 1.0
422 390 1.0
390 406 1.0
406 390 1.0
390 398 1.0
398 390 1.0
390 392 1.0
392 390 1.0
391 455 1.0
455 391 1.0
391 423 1.0
423 391 1.0
391 407 1.0
407 391 1.0
391 399 1.0
399 391 1.0
391 392 1.0
392 391 1.0
392 456 1.0
456 392 1.0
392 424 1.0
424 392 1.0
392 408 1.0
408 392 1.0
392 400 1.0
400 392 1.0
393 457 1.0
457 393 1.0
393 425 1.0
425 393 1.0
393 409 1.0
409 393 1.0
393 397 1.0
397 393 1.0
393 395 1.0
395 393 1.0
393 394 1.0
394 393 1.0
394 458 1.0
458 394 1.0
394 426 1.0
426 394 1.0
394 410 1.0
410 394 1.0
394 398 1.0
398 394 1.0
394 396 1.0
396 394 1.0
395 459 1.0
459 395 1.0
395 427 1.0
427 395 1.0
395 411 1.0
411 395 1.0
395 399 1.0
399 395 1.0
395 396 1.0
396 395 1.0
396 460 1.0
460 396 1.0
396 428 1.0
428 396 1.0
396 412 1.0
412 396 1.0
396 400 1.0
400 396 1.0
397 461 1.0
461 397 1.0
397 429 1.0
429 397 1.0
397 413 1.0
413 397 1.0
397 399 1.0
399 397 1.0
397 398 1.0
398 397 1.0
398 462 1.0
462 398 1.0
398 430 1.0
430 398 1.0
398 414 1.0
414 398 1.0
398 400 1.0
400 398 1.0
399 463 1.0
463 399 1.0
399 431 1.0
431 399 1.0
399 415 1.0
415 399 1.0
399 400 1.0
400 399 1.0
400 464 1.0
464 400 1.0
400 432 1.0
432 400 1.0
400 416 1.0
416 400 1.0
401 465 1.0
465 401 1.0
401 433 1.0
433 401 1.0
401 409 1.0
409 401 1.0
401 405 1.0
405 401 1.0
401 403 1.0
403 401 1.0
401 402 1.0
402 401 1.0
402 466 1.0
466 402 1.0
402 434 1.0
434 402 1.0
402 410 1.0
410 402 1.0
402 406 1.0
406 402 1.0
402 404 1.0
404 402 1.0
403 467 1.0
467 403 1.0
403 435 1.0
435 403 1.0
403 411 1.0
411 403 1.0
403 407 1.0
407 403 1.0
403 404 1.0
404 403 1.0
404 468 1.0
468 404 1.0
404 436 1.0
436 404 1.0
404 412 1.0
412 404 1.0
404 408 1.0
408 404 1.0
405 469 1.0
469 405 1.0
405 437 1.0
437 405 1.0
405 413 1.0
413 405 1.0
405 407 1.0
407 405 1.0
405 406 1.0
406 405 1.0
406 470 1.0
470 406 1.0
406 438 1.0
438 406 1.0
406 414 1.0
414 406 1.0
406 408 1.0
408 406 1.0
407 471 1.0
471 407 1.0
407 439 1.0
439 407 1.0
407 415 1.0
415 407 1.0
407 408 1.0
408 407 1.0
408 472 1.0
472 408 1.0
408 440 1.0
440 408 1.0
408 416 1.0
416 408 1.0
409 473 1.0
473 409 1.0
409 441 1.0
441 409 1.0
409 413 1.0
413 409 1.0
409 411 1.0
411 409 1.0
409 410 1.0
410 409 1.0
410 474 1.0
474 410 1.0
410 442 1.0
442 410 1.0
410 414 1.0
414 410 1.0
410 412 1.0
412 410 1.0
411 475 1.0
475 411 1.0
411 443 1.0
443 411 1.0
411 415 1.0
415 411 1.0
411 412 1.0
412 411 1.0
412 476 1.0
476 412 1.0
412 444 1.0
444 412 1.0
412 416 1.0
416 412 1.0
413 477 1.0
477 413 1.0
413 445 1.0
445 413 1.0
413 415 1.0
415 413 1.0
413 414 1.0
414 413 1.0
414 478 1.0
478 414 1.0
414 446 1.0
446 414 1.0
414 416 1.0
416 414 1.0
415 479 1.0
479 415 1.0
415 447 1.0
447 415 1.0
415 416 1.0
416 415 1.0
416 480 1.0
480 416 1.0
416 448 1.0
448 416 1.0
417 481 1.0
481 417 1.0
417 433 1.0
433 417 1.0
417 425 1.0
425 417 1.0
417 421 1.0
421 417 1.0
417 419 1.0
419 417 1.0
417 418 1.0
418 417 1.0
418 482 1.0
482 418 1.0
418 434 1.0
434 418 1.0
418 426 1.0
426 418 1.0
418 422 1.0
422 418 1.0
418 420 1.0
420 418 1.0
419 483 1.0
483 419 1.0
419 435 1.0
435 419 1.0
419 427 1.0
427 419 1.0
419 423 1.0
423 419 1.0
419 420 1.0
420 419 1.0
420 484 1.0
484 420 1.0
420 436 1.0
436 420 1.0
420 428 1.0
428 420 1.0
420 424 1.0
424 420 1.0
421 485 1.0
485 421 1.0
421 437 1.0
437 421 1.0
421 429 1.0
429 421 1.0
421 423 1.0
423 421 1.0
421 422 1.0
422 421 1.0
422 486 1.0
486 422 1.0
422 438 1.0
438 422 1.0
422 430 1.0
430 422 1.0
422 424 1.0
424 422 1.0
423 487 1.0
487 423 1.0
423 439 1.0
439 423 1.0
423 431 1.0
431 423 1.0
423 424 1.0
424 423 1.0
424 488 1.0
488 424 1.0
424 440 1.0
440 424 1.0
424 432 1.0
432 424 1.0
425 489 1.0
489 425 1.0
425 441 1.0
441 425 1.0
425 429 1.0
429 425 1.0
425 427 1.0
427 425 1.0
425 426 1.0
426 425 1.0
426 490 1.0
490 426 1.0
426 442 1.0
442 426 1.0
426 430 1.0
430 426 1.0
426 428 1.0
428 426 1.0
427 491 1.0
491 427 1.0
427 443 1.0
443 427 1.0
427 431 1.0
431 427 1.0
427 428 1.0
428 427 1.0
428 492 1.0
492 428 1.0
428 444 1.0
444 428 1.0
428 432 1.0
432 428 1.0
429 493 1.0
493 429 1.0
429 445 1.0
445 429 1.0
429 431 1.0
431 429 1.0
429 430 1.0
430 429 1.0
430 494 1.0
494 430 1.0
430 446 1.0
446 430 1.0
430 432 1.0
432 430 1.0
431 495 1.0
495 431 1.0
431 447 1.0
447 431 1.0
431 432 1.0
432 431 1.0
432 496 1.0
496 432 1.0
432 448 1.0
448 432 1.0
433 497 1.0
497 433 1.0
433 441 1.0
441 433 1.0
433 437 1.0
437 433 1.0
433 435 1.0
435 433 1.0
433 434 1.0
434 433 1.0
434 498 1.0
498 434 1.0
434 442 1.0
442 434 1.0
434 438 1.0
438 434 1.0
434 436 1.0
436 434 1.0
435 499 1.0
499 435 1.0
435 443 1.0
443 435 1.0
435 439 1.0
439 435 1.0
435 436 1.0
436 435 1.0
436 500 1.0
500 436 1.0
436 444 1.0
444 436 1.0
436 440 1.0
440 436 1.0
437 501 1.0
501 437 1.0
437 445 1.0
445 437 1.0
437 439 1.0
439 437 1.0
437 438 1.0
438 437 1.0
438 502 1.0
502 438 1.0
438 446 1.0
446 438 1.0
438 440 1.0
440 438 1.0
439 503 1.0
503 439 1.0
439 447 1.0
447 439 1.0
439 440 1.0
440 439 1.0
440 504 1.0
504 440 1.0
440 448 1.0
448 440 1.0
441 505 1.0
505 441 1.0
441 445 1.0
445 441 1.0
441 443 1.0
443 441 1.0
441 442 1.0
442 441 1.0
442 506 1.0
506 442 1.0
442 446 1.0
446 442 1.0
442 444 1.0
444 442 1.0
443 507 1.0
507 443 1.0
443 447 1.0
447 443 1.0
443 444 1.0
444 443 1.0
444 508 1.0
508 444 1.0
444 448 1.0
448 444 1.0
445 509 1.0
509 445 1.0
445 447 1.0
447 445 1.0
445 446 1.0
446 445 1.0
446 510 1.0
510 446 1.0
446 448 1.0
448 446 1.0
447 511 1.0
511 447 1.0
447 448 1.0
448 447 1.0
448 512 1.0
512 448 1.0
449 481 1.0
481 449 1.0
449 465 1.0
465 449 1.0
449 457 1.0
457 449 1.0
449 453 1.0
453 449 1.0
449 451 1.0
451 449 1.0
449 450 1.0
450 449 1.0
450 482 1.0
482 450 1.0
450 466 1.0
466 450 1.0
450 458 1.0
458 450 1.0
450 454 1.0
454 450 1.0
450 452 1.0
452 450 1.0
451 483 1.0
483 451 1.0
451 467 1.0
467 451 1.0
451 459 1.0
459 451 1.0
451 455 1.0
455 451 1.0
451 452 1.0
452 451 1.0
452 484 1.0
484 452 1.0
452 468 1.0
468 452 1.0
452 460 1.0
460 452 1.0
452 456 1.0
456 452 1.0
453 485 1.0
485 453 1.0
453 469 1.0
469 453 1.0
453 461 1.0
461 453 1.0
453 455 1.0
455 453 1.0
453 454 1.0
454 453 1.0
454 486 1.0
486 454 1.0
454 470 1.0
470 454 1.0
454 462 1.0
462 454 1.0
454 456 1.0
456 454 1.0
455 487 1.0
487 455 1.0
455 471 1.0
471 455 1.0
455 463 1.0
463 455 1.0
455 456 1.0
456 455 1.0
456 488 1.0
488 456 1.0
456 472 1.0
472 456 1.0
456 464 1.0
464 456 1.0
457 489 1.0
489 457 1.0
457 473 1.0
473 457 1.0
457 461 1.0
461 457 1.0
457 459 1.0
459 457 1.0
457 458 1.0
458 457 1.0
458 490 1.0
490 458 1.0
458 474 1.0
474 458 1.0
458 462 1.0
462 458 1.0
458 460 1.0
460 458 1.0
459 491 1.0
491 459 1.0
459 475 1.0
475 459 1.0
459 463 1.0
463 459 1.0
459 460 1.0
460 459 1.0
460 492 1.0
492 460 1.0
460 476 1.0
476 460 1.0
460 464 1.0
464 460 1.0
461 493 1.0
493 461 1.0
461 477 1.0
477 461 1.0
461 463 1.0
463 461 1.0
461 462 1.0
462 461 1.0
462 494 1.0
494 462 1.0
462 478 1.0
478 462 1.0
462 464 1.0
464 462 1.0
463 495 1.0
495 463 1.0
463 479 1.0
479 463 1.0
463 464 1.0
464 463 1.0
464 496 1.0
496 464 1.0
464 480 1.0
480 464 1.0
465 497 1.0
497 465 1.0
465 473 1.0
473 465 1.0
465 469 1.0
469 465 1.0
465 467 1.0
467 465 1.0
465 466 1.0
466 465 1.0
466 498 1.0
498 466 1.0
466 474 1.0
474 466 1.0
466 470 1.0
470 466 1.0
466 468 1.0
468 466 1.0
467 499 1.0
499 467 1.0
467 475 1.0
475 467 1.0
467 471 1.0
471 467 1.0
467 468 1.0
468 467 1.0
468 500 1.0
500 468 1.0
468 476 1.0
476 468 1.0
468 472 1.0
472 468 1.0
469 501 1.0
501 469 1.0
469 477 1.0
477 469 1.0
469 471 1.0
471 469 1.0
469 470 1.0
470 469 1.0
470 502 1.0
502 470 1.0
470 478 1.0
478 470 1.0
470 472 1.0
472 470 1.0
471 503 1.0
503 471 1.0
471 479 1.0
479 471 1.0
471 472 1.0
472 471 1.0
472 504 1.0
504 472 1.0
472 480 1.0
480 472 1.0
473 505 1.0
505 473 1.0
473 477 1.0
477 473 1.0
473 475 1.0
475 473 1.0
473 474 1.0
474 473 1.0
474 506 1.0
506 474 1.0
474 478 1.0
478 474 1.0
474 476 1.0
476 474 1.0
475 507 1.0
507 475 1.0
475 479 1.0
479 475 1.0
475 476 1.0
476 475 1.0
476 508 1.0
508 476 1.0
476 480 1.0
480 476 1.0
477 509 1.0
509 477 1.0
477 479 1.0
479 477 1.0
477 478 1.0
478 477 1.0
478 510 1.0
510 478 1.0
478 480 1.0
480 478 1.0
479 511 1.0
511 479 1.0
479 480 1.0
480 479 1.0
480 512 1.0
512 480 1.0
481 497 1.0
497 481 1.0
481 489 1.0
489 481 1.0
481 485 1.0
485 481 1.0
481 483 1.0
483 481 1.0
481 482 1.0
482 481 1.0
482 498 1.0
498 482 1.0
482 490 1.0
490 482 1.0
482 486 1.0
486 482 1.0
482 484 1.0
484 482 1.0
483 499 1.0
499 483 1.0
483 491 1.0
491 483 1.0
483 487 1.0
487 483 1.0
483 484 1.0
484 483 1.0
484 500 1.0
500 484 1.0
484 492 1.0
492 484 1.0
484 488 1.0
488 484 1.0
485 501 1.0
501 485 1.0
485 493 1.0
493 485 1.0
485 487 1.0
487 485 1.0
485 486 1.0
486 485 1.0
486 502 1.0
502 486 1.0
486 494 1.0
494 486 1.0
486 488 1.0
488 486 1.0
487 503 1.0
503 487 1.0
487 495 1.0
495 487 1.0
487 488 1.0
488 487 1.0
488 504 1.0
504 488 1.0
488 496 1.0
496 488 1.0
489 505 1.0
505 489 1.0
489 493 1.0
493 489 1.0
489 491 1.0
491 489 1.0
489 490 1.0
490 489 1.0
490 506 1.0
506 490 1.0
490 494 1.0
494 490 1.0
490 492 1.0
492 490 1.0
491 507 1.0
507 491 1.0
491 495 1.0
495 491 1.0
491 492 1.0
492 491 1.0
492 508 1.0
508 492 1.0
492 496 1.0
496 492 1.0
493 509 1.0
509 493 1.0
493 495 1.0
495 493 1.0
493 494 1.0
494 493 1.0
494 510 1.0
510 494 1.0
494 496 1.0
496 494 1.0
495 511 1.0
511 495 1.0
495 496 1.0
496 495 1.0
496 512 1.0
512 496 1.0
497 505 1.0
505 497 1.0
497 501 1.0
501 497 1.0
497 499 1.0
499 497 1.0
497 498 1.0
498 497 1.0
498 506 1.0
506 498 1.0
498 502 1.0
502 498 1.0
498 500 1.0
500 498 1.0
499 507 1.0
507 499 1.0
499 503 1.0
503 499 1.0
499 500 1.0
500 499 1.0
500 508 1.0
508 500 1.0
500 504 1.0
504 500 1.0
501 509 1.0
509 501 1.0
501 503 1.0
503 501 1.0
501 502 1.0
502 501 1.0
502 510 1.0
510 502 1.0
502 504 1.0
504 502 1.0
503 511 1.0
511 503 1.0
503 504 1.0
504 503 1.0
504 512 1.0
512 504 1.0
505 509 1.0
509 505 1.0
505 507 1.0
507 505 1.0
505 506 1.0
506 505 1.0
506 510 1.0
510 506 1.0
506 508 1.0
508 506 1.0
507 511 1.0
511 507 1.0
507 508 1.0
508 507 1.0
508 512 1.0
512 508 1.0
509 511 1.0
511 509 1.0
509 510 1.0
510 509 1.0
510 512 1.0
512 510 1.0
511 512 1.0
512 511 1.0
S 128
470 19 208 121 11 160 465 460 91 103 264 7 338 59 341 433 199 324 223 409 442 419 157 179 145 384 316 239 453 369 490 270 44 124 351 31 448 202 462 58 258 372 170 418 330 90 227 211 55 171 408 294 307 261 133 86 501 282 350 268 232 10 106 148 131 21 210 477 61 424 93 244 6 381 319 345 226 313 191 96 250 355 155 405 164 78 247 28 366 486 130 67 451 1 484 246 421 76 213 327 166 198 69 438 375 430 251 265 241 439 505 66 271 431 491 97 397 445 154 463 428 385 456 289 40 306 222 25
T 128
436 253 394 403 498 298 220 278 127 499 402 73 395 203 256 292 299 109 34 336 205 161 480 364 30 167 450 285 140 354 238 344 504 273 87 493 312 37 331 137 107 181 190 84 188 326 233 425 412 52 471 388 150 117 339 400 35 361 100 295 185 318 321 151 283 41 193 64 276 236 374 24 136 468 178 184 49 196 475 496 173 391 474 79 443 176 481 357 81 414 390 4 415 143 301 229 114 216 487 360 333 367 102 288 510 309 259 120 112 47 16 18 217 304 46 279 457 508 348 54 378 72 511 126 142 379 13 115
